1BOUNDED FINLINE WAVEGUIDE EIGENMODES B SHULTZ AND S GEDNEY             BFW398B
          1136            20           146           970             0
RUA                      398           398          2910             0
(20I4)          (20I4)          (3D22.16)           (3D22.16)           
   1   6  14  22  29  34  44  54  64  77  87 100 110 120 127 135 148 158 171 184
 197 210 223 233 241 249 262 272 285 298 311 324 337 347 355 363 376 386 399 412
 425 438 451 461 469 477 490 500 513 526 539 552 565 575 583 591 604 614 627 640
 653 666 679 689 697 705 718 728 741 754 767 780 793 803 811 819 832 842 855 868
 881 894 907 917 925 932 942 952 962 975 985 99810081018102310301038104610511053
10581063106510711076108110871092109911031109111611211128113311401144115011571162
11691174118111851191119812031209121412191223122912341238124212491254126112661273
12791286129313001307131413211328133513421349135613631370137713841391139814041411
14161423142814321436144314481455146014671473148014871494150115081515152215291536
15431550155715641571157815851592159816051610161716221626163016371642164916541661
16671674168116881695170217091716172317301737174417511758176517721779178617921799
18041811181618201824183118361843184818551861186818751882188918961903191019171924
19311938194519521959196619731980198619931998200520102014201820252030203720422049
20552062206920762083209020972104211121182125213221392146215321602167217421802187
21922199220422082212221922242231223622432249225622632270227722842291229823052312
23192326233323402347235423612368237423812386239323982402240624132418242524302437
24432450245724642471247824852492249925062513252025272534254125482555256225682575
25802587259225962600260726122618262326302636264326502656266326702677268426912697
27042711271827252732273827452752275827652770277627812785278927942799280328082814
2819282628302835284228472854285828632870287528822886289128972902290729092911
   1   2   7 104 108   1   2   3   7   9 106 111 115   2   3   4   9  11 113 118
 122   3   4  11  13 120 125 129   5   6  15 105 135   5   6   8  15  16 100 112
 134 137 141   1   2   7   9  17 101 109 113 138 142   6   8  10  16  18 107 119
 139 143 147   2   3   7   9  11  17  19 108 116 120 140 144 148   8  10  12  18
  20 114 126 145 149 153   3   4   9  11  13  19  21 115 123 127 146 150 154  10
  12  14  20  22 121 133 151 155 159   4  11  13  21  23 122 130 152 156 160  12
  14  22  24 128 157 161   5   6  15  16  25 103 139 165   6   8  15  16  18  25
  26 110 135 145 164 167 171   7   9  17  19  27 111 136 146 168 172   8  10  16
  18  20  26  28 117 141 151 169 173 177   9  11  17  19  21  27  29 118 142 152
 170 174 178  10  12  18  20  22  28  30 124 147 157 175 179 183  11  13  19  21
  23  29  31 125 148 158 176 180 184  12  14  20  22  24  30  32 131 153 163 181
 185 189  13  21  23  31  33 132 154 182 186 190  14  22  24  32  34 159 187 191
  15  16  25  26  35 137 169 195  16  18  25  26  28  35  36 143 165 175 194 197
 201  17  19  27  29  37 144 166 176 198 202  18  20  26  28  30  36  38 149 171
 181 199 203 207  19  21  27  29  31  37  39 150 172 182 200 204 208  20  22  28
  30  32  38  40 155 177 187 205 209 213  21  23  29  31  33  39  41 156 178 188
 206 210 214  22  24  30  32  34  40  42 161 183 193 211 215 219  23  31  33  41
  43 162 184 212 216 220  24  32  34  42  44 189 217 221  25  26  35  36  45 167
 199 225  26  28  35  36  38  45  46 173 195 205 224 227 231  27  29  37  39  47
 174 196 206 228 232  28  30  36  38  40  46  48 179 201 211 229 233 237  29  31
  37  39  41  47  49 180 202 212 230 234 238  30  32  38  40  42  48  50 185 207
 217 235 239 243  31  33  39  41  43  49  51 186 208 218 236 240 244  32  34  40
  42  44  50  52 191 213 223 241 245 249  33  41  43  51  53 192 214 242 246 250
  34  42  44  52  54 219 247 251  35  36  45  46  55 197 229 255  36  38  45  46
  48  55  56 203 225 235 254 257 261  37  39  47  49  57 204 226 236 258 262  38
  40  46  48  50  56  58 209 231 241 259 263 267  39  41  47  49  51  57  59 210
 232 242 260 264 268  40  42  48  50  52  58  60 215 237 247 265 269 273  41  43
  49  51  53  59  61 216 238 248 266 270 274  42  44  50  52  54  60  62 221 243
 253 271 275 279  43  51  53  61  63 222 244 272 276 280  44  52  54  62  64 249
 277 281  45  46  55  56  65 227 259 285  46  48  55  56  58  65  66 233 255 265
 284 287 291  47  49  57  59  67 234 256 266 288 292  48  50  56  58  60  66  68
 239 261 271 289 293 297  49  51  57  59  61  67  69 240 262 272 290 294 298  50
  52  58  60  62  68  70 245 267 277 295 299 303  51  53  59  61  63  69  71 246
 268 278 296 300 304  52  54  60  62  64  70  72 251 273 283 301 305 309  53  61
  63  71  73 252 274 302 306 310  54  62  64  72  74 279 307 311  55  56  65  66
  75 257 289 315  56  58  65  66  68  75  76 263 285 295 314 317 321  57  59  67
  69  77 264 286 296 318 322  58  60  66  68  70  76  78 269 291 301 319 323 327
  59  61  67  69  71  77  79 270 292 302 320 324 328  60  62  68  70  72  78  80
 275 297 307 325 329 333  61  63  69  71  73  79  81 276 298 308 326 330 334  62
  64  70  72  74  80  82 281 303 313 331 335 339  63  71  73  81  83 282 304 332
 336 340  64  72  74  82  84 309 337 341  65  66  75  76  85 287 319 345  66  68
  75  76  78  85  86 293 315 325 344 347 351  67  69  77  79  87 294 316 326 348
 352  68  70  76  78  80  86  88 299 321 331 349 353 357  69  71  77  79  81  87
  89 300 322 332 350 354 358  70  72  78  80  82  88  90 305 327 337 355 359 363
  71  73  79  81  83  89  91 306 328 338 356 360 364  72  74  80  82  84  90  92
 311 333 343 361 365 369  73  81  83  91  93 312 334 362 366 370  74  82  84  92
  94 339 367 371  75  76  85  86 317 349 375  76  78  85  86  88 323 345 355 374
 380  77  79  87  89  95 324 346 356 377 381  78  80  86  88  90 329 351 361 378
 385  79  81  87  89  91  95  96 330 352 362 379 382 386  80  82  88  90  92 335
 357 367 383 390  81  83  89  91  93  96  97 336 358 368 384 387 391  82  84  90
  92  94 341 363 373 388 395  83  91  93  97  98 342 364 389 392 396  84  92  94
 369 393  87  89  95  96 354 376 384  89  91  95  96  97 360 381 389  91  93  96
  97  98 366 386 394  93  97  98 372 391  99 100   6  99 100 103 105   7 101 102
 104 106 101 102  15 100 103 105 134 135   1 101 104 106 136   5 100 103 105 107
   2 101 104 106 108 109   8 105 107 110 112   1   9 106 108 109 111 113   7 106
 108 109  16 107 110 112 139 141   2  17 108 111 113 140 142   6 107 110 112 114
   3   7 108 111 113 115 116  10 112 114 117 119   2  11 113 115 116 118 120   9
 113 115 116  18 114 117 119 145 147   3  19 115 118 120 146 148   8 114 117 119
 121   4   9 115 118 120 122 123  12 119 121 124 126   3  13 120 122 123 125 127
  11 120 122 123  20 121 124 126 151 153   4  21 122 125 127 152 154  10 121 124
 126 128  11 122 125 127 129 130  14 126 128 131 133   4 127 129 130 132  13 127
 129 130  22 128 131 133 157 159  23 129 132 158 160  12 128 131 133   6 103 134
 135   5  16 103 134 135 137 139  17 104 136 138 140   6  25 135 137 139 164 165
   7 136 138 140 166   8  15 110 135 137 139 141   9 111 136 138 140 142   6  18
 110 139 141 143 145   7  19 111 140 142 144 146   8  26 141 143 145 169 171   9
  27 142 144 146 170 172  10  16 117 141 143 145 147  11  17 118 142 144 146 148
   8  20 117 145 147 149 151   9  21 118 146 148 150 152  10  28 147 149 151 175
 177  11  29 148 150 152 176 178  12  18 124 147 149 151 153  13  19 125 148 150
 152 154  10  22 124 151 153 155 157  11  23 125 152 154 156 158  12  30 153 155
 157 181 183  13  31 154 156 158 182 184  14  20 131 153 155 157 159  21 132 154
 156 158 160  12  24 131 157 159 161 163  13 132 158 160 162  14  32 159 161 163
 187 189  33 160 162 188 190  22 159 161 163  16 137 164 165  15  26 137 164 165
 167 169  27 138 166 168 170  16  35 165 167 169 194 195  17 166 168 170 196  18
  25 143 165 167 169 171  19 144 166 168 170 172  16  28 143 169 171 173 175  17
  29 144 170 172 174 176  18  36 171 173 175 199 201  19  37 172 174 176 200 202
  20  26 149 171 173 175 177  21  27 150 172 174 176 178  18  30 149 175 177 179
 181  19  31 150 176 178 180 182  20  38 177 179 181 205 207  21  39 178 180 182
 206 208  22  28 155 177 179 181 183  23  29 156 178 180 182 184  20  32 155 181
 183 185 187  21  33 156 182 184 186 188  22  40 183 185 187 211 213  23  41 184
 186 188 212 214  24  30 161 183 185 187 189  31 162 184 186 188 190  22  34 161
 187 189 191 193  23 162 188 190 192  24  42 189 191 193 217 219  43 190 192 218
 220  32 189 191 193  26 167 194 195  25  36 167 194 195 197 199  37 168 196 198
 200  26  45 195 197 199 224 225  27 196 198 200 226  28  35 173 195 197 199 201
  29 174 196 198 200 202  26  38 173 199 201 203 205  27  39 174 200 202 204 206
  28  46 201 203 205 229 231  29  47 202 204 206 230 232  30  36 179 201 203 205
 207  31  37 180 202 204 206 208  28  40 179 205 207 209 211  29  41 180 206 208
 210 212  30  48 207 209 211 235 237  31  49 208 210 212 236 238  32  38 185 207
 209 211 213  33  39 186 208 210 212 214  30  42 185 211 213 215 217  31  43 186
 212 214 216 218  32  50 213 215 217 241 243  33  51 214 216 218 242 244  34  40
 191 213 215 217 219  41 192 214 216 218 220  32  44 191 217 219 221 223  33 192
 218 220 222  34  52 219 221 223 247 249  53 220 222 248 250  42 219 221 223  36
 197 224 225  35  46 197 224 225 227 229  47 198 226 228 230  36  55 225 227 229
 254 255  37 226 228 230 256  38  45 203 225 227 229 231  39 204 226 228 230 232
  36  48 203 229 231 233 235  37  49 204 230 232 234 236  38  56 231 233 235 259
 261  39  57 232 234 236 260 262  40  46 209 231 233 235 237  41  47 210 232 234
 236 238  38  50 209 235 237 239 241  39  51 210 236 238 240 242  40  58 237 239
 241 265 267  41  59 238 240 242 266 268  42  48 215 237 239 241 243  43  49 216
 238 240 242 244  40  52 215 241 243 245 247  41  53 216 242 244 246 248  42  60
 243 245 247 271 273  43  61 244 246 248 272 274  44  50 221 243 245 247 249  51
 222 244 246 248 250  42  54 221 247 249 251 253  43 222 248 250 252  44  62 249
 251 253 277 279  63 250 252 278 280  52 249 251 253  46 227 254 255  45  56 227
 254 255 257 259  57 228 256 258 260  46  65 255 257 259 284 285  47 256 258 260
 286  48  55 233 255 257 259 261  49 234 256 258 260 262  46  58 233 259 261 263
 265  47  59 234 260 262 264 266  48  66 261 263 265 289 291  49  67 262 264 266
 290 292  50  56 239 261 263 265 267  51  57 240 262 264 266 268  48  60 239 265
 267 269 271  49  61 240 266 268 270 272  50  68 267 269 271 295 297  51  69 268
 270 272 296 298  52  58 245 267 269 271 273  53  59 246 268 270 272 274  50  62
 245 271 273 275 277  51  63 246 272 274 276 278  52  70 273 275 277 301 303  53
  71 274 276 278 302 304  54  60 251 273 275 277 279  61 252 274 276 278 280  52
  64 251 277 279 281 283  53 252 278 280 282  54  72 279 281 283 307 309  73 280
 282 308 310  62 279 281 283  56 257 284 285  55  66 257 284 285 287 289  67 258
 286 288 290  56  75 285 287 289 314 315  57 286 288 290 316  58  65 263 285 287
 289 291  59 264 286 288 290 292  56  68 263 289 291 293 295  57  69 264 290 292
 294 296  58  76 291 293 295 319 321  59  77 292 294 296 320 322  60  66 269 291
 293 295 297  61  67 270 292 294 296 298  58  70 269 295 297 299 301  59  71 270
 296 298 300 302  60  78 297 299 301 325 327  61  79 298 300 302 326 328  62  68
 275 297 299 301 303  63  69 276 298 300 302 304  60  72 275 301 303 305 307  61
  73 276 302 304 306 308  62  80 303 305 307 331 333  63  81 304 306 308 332 334
  64  70 281 303 305 307 309  71 282 304 306 308 310  62  74 281 307 309 311 313
  63 282 308 310 312  64  82 309 311 313 337 339  83 310 312 338 340  72 309 311
 313  66 287 314 315  65  76 287 314 315 317 319  77 288 316 318 320  66  85 315
 317 319 344 345  67 316 318 320 346  68  75 293 315 317 319 321  69 294 316 318
 320 322  66  78 293 319 321 323 325  67  79 294 320 322 324 326  68  86 321 323
 325 349 351  69  87 322 324 326 350 352  70  76 299 321 323 325 327  71  77 300
 322 324 326 328  68  80 299 325 327 329 331  69  81 300 326 328 330 332  70  88
 327 329 331 355 357  71  89 328 330 332 356 358  72  78 305 327 329 331 333  73
  79 306 328 330 332 334  70  82 305 331 333 335 337  71  83 306 332 334 336 338
  72  90 333 335 337 361 363  73  91 334 336 338 362 364  74  80 311 333 335 337
 339  81 312 334 336 338 340  72  84 311 337 339 341 343  73 312 338 340 342  74
  92 339 341 343 367 369  93 340 342 368 370  82 339 341 343  76 317 344 345  75
  86 317 344 345 347 349  87 318 346 348 350  76 345 347 349 374 375  77 346 348
 350 376  78  85 323 345 347 349 351  79 324 346 348 350 352  76  88 323 349 351
 353 355  77  89 324 350 352 354 356  78 351 353 355 378 380  79  95 352 354 356
 379 381  80  86 329 351 353 355 357  81  87 330 352 354 356 358  78  90 329 355
 357 359 361  79  91 330 356 358 360 362  80 357 359 361 383 385  81  96 358 360
 362 384 386  82  88 335 357 359 361 363  83  89 336 358 360 362 364  80  92 335
 361 363 365 367  81  93 336 362 364 366 368  82 363 365 367 388 390  83  97 364
 366 368 389 391  84  90 341 363 365 367 369  91 342 364 366 368 370  82  94 341
 367 369 371 373  83 342 368 370 372  84 369 371 373 393 395  98 370 372 394 396
  92 369 371 373  86 347 374 375  85 347 374 375 378  95 348 376 377 379  87 376
 377 379  88 353 375 378 380  89 354 376 377 379 381  86 353 378 380 383  87  96
 354 379 381 382 384  89 381 382 384  90 359 380 383 385  91  95 360 381 382 384
 386  88 359 383 385 388  89  97 360 384 386 387 389  91 386 387 389  92 365 385
 388 390  93  96 366 386 387 389 391  90 365 388 390 393  91  98 366 389 391 392
 394  93 391 392 394  94 371 390 393 395  97 372 391 392 394 396  92 371 393 395
 398  93 372 394 396 397 396 397 395 398
-.1836730000000000D-050.1020410000000000D-060.2040820000000000D-06
0.4081630000000000D-060.4081630000000000D-060.1020410000000000D-06
-.1836730000000000D-050.1020410000000000D-060.2040820000000000D-06
0.2040820000000000D-060.4081630000000000D-060.4081630000000000D-06
0.4081630000000000D-060.1020410000000000D-06-.1836730000000000D-05
0.1020410000000000D-060.2040820000000000D-060.2040820000000000D-06
0.4081630000000000D-060.4081630000000000D-060.4081630000000000D-06
0.1020410000000000D-06-.1836730000000000D-050.2040820000000000D-06
0.2040820000000000D-060.4081630000000000D-060.4081630000000000D-06
0.4081630000000000D-06-.1836730000000000D-050.2040820000000000D-06
0.1020410000000000D-060.4081630000000000D-060.4081630000000000D-06
0.2040820000000000D-06-.3673470000000000D-050.2040820000000000D-06
0.2040820000000000D-060.2040820000000000D-060.4081630000000000D-06
0.4081630000000000D-060.4081630000000000D-060.4081630000000000D-06
0.4081630000000000D-060.2040820000000000D-060.2040820000000000D-06
-.3673470000000000D-050.2040820000000000D-060.2040820000000000D-06
0.4081630000000000D-060.4081630000000000D-060.4081630000000000D-06
0.4081630000000000D-060.4081630000000000D-060.2040820000000000D-06
-.3673470000000000D-050.2040820000000000D-060.2040820000000000D-06
0.2040820000000000D-060.4081630000000000D-060.4081630000000000D-06
0.4081630000000000D-060.4081630000000000D-060.4081630000000000D-06
0.2040820000000000D-060.2040820000000000D-060.2040820000000000D-06
-.3673470000000000D-050.2040820000000000D-060.2040820000000000D-06
0.2040820000000000D-060.4081630000000000D-060.4081630000000000D-06
0.4081630000000000D-060.4081630000000000D-060.4081630000000000D-06
0.4081630000000000D-060.2040820000000000D-06-.3673470000000000D-05
0.2040820000000000D-060.2040820000000000D-060.2040820000000000D-06
0.4081630000000000D-060.4081630000000000D-060.4081630000000000D-06
0.4081630000000000D-060.4081630000000000D-060.2040820000000000D-06
0.2040820000000000D-060.2040820000000000D-06-.3673470000000000D-05
0.2040820000000000D-060.2040820000000000D-060.2040820000000000D-06
0.4081630000000000D-060.4081630000000000D-060.4081630000000000D-06
0.4081630000000000D-060.4081630000000000D-060.4081630000000000D-06
0.2040820000000000D-06-.3673470000000000D-050.2040820000000000D-06
0.2040820000000000D-060.2040820000000000D-060.4081630000000000D-06
0.4081630000000000D-060.4081630000000000D-060.4081630000000000D-06
0.4081630000000000D-060.2040820000000000D-060.2040820000000000D-06
-.3673470000000000D-050.2040820000000000D-060.2040820000000000D-06
0.4081630000000000D-060.4081630000000000D-060.4081630000000000D-06
0.4081630000000000D-060.4081630000000000D-060.2040820000000000D-06
-.1836740000000000D-050.2040820000000000D-060.1020410000000000D-06
0.4081630000000000D-060.4081630000000000D-060.4081630000000000D-06
0.1020410000000000D-060.2040820000000000D-06-.1836730000000000D-05
0.2040820000000000D-060.1020410000000000D-060.4081630000000000D-06
0.4081630000000000D-060.4081630000000000D-060.2040820000000000D-06
0.2040820000000000D-060.2040820000000000D-06-.3673470000000000D-05
0.2040820000000000D-060.2040820000000000D-060.2040820000000000D-06
0.4081630000000000D-060.4081630000000000D-060.4081630000000000D-06
0.4081630000000000D-060.4081630000000000D-060.4081630000000000D-06
0.2040820000000000D-060.2040820000000000D-06-.3673470000000000D-05
0.2040820000000000D-060.2040820000000000D-060.4081630000000000D-06
0.4081630000000000D-060.4081630000000000D-060.4081630000000000D-06
0.4081630000000000D-060.2040820000000000D-060.2040820000000000D-06
0.2040820000000000D-06-.3673470000000000D-050.2040820000000000D-06
0.2040820000000000D-060.2040820000000000D-060.4081630000000000D-06
0.4081630000000000D-060.4081630000000000D-060.4081630000000000D-06
0.4081630000000000D-060.4081630000000000D-060.2040820000000000D-06
0.2040820000000000D-060.2040820000000000D-06-.3673470000000000D-05
0.2040820000000000D-060.2040820000000000D-060.2040820000000000D-06
0.4081630000000000D-060.4081630000000000D-060.4081630000000000D-06
0.4081630000000000D-060.4081630000000000D-060.4081630000000000D-06
0.2040820000000000D-060.2040820000000000D-060.2040820000000000D-06
-.3673470000000000D-050.2040820000000000D-060.2040820000000000D-06
0.2040820000000000D-060.4081630000000000D-060.4081630000000000D-06
0.4081630000000000D-060.4081630000000000D-060.4081630000000000D-06
0.4081630000000000D-060.2040820000000000D-060.2040820000000000D-06
0.2040820000000000D-06-.3673470000000000D-050.2040820000000000D-06
0.2040820000000000D-060.2040820000000000D-060.4081630000000000D-06
0.4081630000000000D-060.4081630000000000D-060.4081630000000000D-06
0.4081630000000000D-060.4081630000000000D-060.2040820000000000D-06
0.2040820000000000D-060.2040820000000000D-06-.3673470000000000D-05
0.2040820000000000D-060.2040820000000000D-060.2040820000000000D-06
0.4081630000000000D-060.4081630000000000D-060.4081630000000000D-06
0.4081630000000000D-060.4081630000000000D-060.4081630000000000D-06
0.2040820000000000D-060.2040820000000000D-06-.3673470000000000D-05
0.2040820000000000D-060.2040820000000000D-060.4081630000000000D-06
0.4081630000000000D-060.4081630000000000D-060.4081630000000000D-06
0.4081630000000000D-060.1020410000000000D-060.2040820000000000D-06
-.1836740000000000D-050.2040820000000000D-060.1020410000000000D-06
0.4081630000000000D-060.4081630000000000D-060.4081630000000000D-06
0.1020410000000000D-060.2040820000000000D-06-.1836730000000000D-05
0.2040820000000000D-060.1020410000000000D-060.4081630000000000D-06
0.4081630000000000D-060.4081630000000000D-060.2040820000000000D-06
0.2040820000000000D-060.2040820000000000D-06-.3673470000000000D-05
0.2040820000000000D-060.2040820000000000D-060.2040820000000000D-06
0.4081630000000000D-060.4081630000000000D-060.4081630000000000D-06
0.4081630000000000D-060.4081630000000000D-060.4081630000000000D-06
0.2040820000000000D-060.2040820000000000D-06-.3673470000000000D-05
0.2040820000000000D-060.2040820000000000D-060.4081630000000000D-06
0.4081630000000000D-060.4081630000000000D-060.4081630000000000D-06
0.4081630000000000D-060.2040820000000000D-060.2040820000000000D-06
0.2040820000000000D-06-.3673470000000000D-050.2040820000000000D-06
0.2040820000000000D-060.2040820000000000D-060.4081630000000000D-06
0.4081630000000000D-060.4081630000000000D-060.4081630000000000D-06
0.4081630000000000D-060.4081630000000000D-060.2040820000000000D-06
0.2040820000000000D-060.2040820000000000D-06-.3673470000000000D-05
0.2040820000000000D-060.2040820000000000D-060.2040820000000000D-06
0.4081630000000000D-060.4081630000000000D-060.4081630000000000D-06
0.4081630000000000D-060.4081630000000000D-060.4081630000000000D-06
0.2040820000000000D-060.2040820000000000D-060.2040820000000000D-06
-.3673470000000000D-050.2040820000000000D-060.2040820000000000D-06
0.2040820000000000D-060.4081630000000000D-060.4081630000000000D-06
0.4081630000000000D-060.4081630000000000D-060.4081630000000000D-06
0.4081630000000000D-060.2040820000000000D-060.2040820000000000D-06
0.2040820000000000D-06-.3673470000000000D-050.2040820000000000D-06
0.2040820000000000D-060.2040820000000000D-060.4081630000000000D-06
0.4081630000000000D-060.4081630000000000D-060.4081630000000000D-06
0.4081630000000000D-060.4081630000000000D-060.2040820000000000D-06
0.2040820000000000D-060.2040820000000000D-06-.3673470000000000D-05
0.2040820000000000D-060.2040820000000000D-060.2040820000000000D-06
0.4081630000000000D-060.4081630000000000D-060.4081630000000000D-06
0.4081630000000000D-060.4081630000000000D-060.4081630000000000D-06
0.2040820000000000D-060.2040820000000000D-06-.3673470000000000D-05
0.2040820000000000D-060.2040820000000000D-060.4081630000000000D-06
0.4081630000000000D-060.4081630000000000D-060.4081630000000000D-06
0.4081630000000000D-060.1020410000000000D-060.2040820000000000D-06
-.1836730000000000D-050.2040820000000000D-060.1020410000000000D-06
0.4081630000000000D-060.4081630000000000D-060.4081630000000000D-06
0.1020410000000000D-060.2040820000000000D-06-.1836730000000000D-05
0.2040820000000000D-060.1020410000000000D-060.4081630000000000D-06
0.4081630000000000D-060.4081630000000000D-060.2040820000000000D-06
0.2040820000000000D-060.2040820000000000D-06-.3673470000000000D-05
0.2040820000000000D-060.2040820000000000D-060.2040820000000000D-06
0.4081630000000000D-060.4081630000000000D-060.4081630000000000D-06
0.4081630000000000D-060.4081630000000000D-060.4081630000000000D-06
0.2040820000000000D-060.2040820000000000D-06-.3673470000000000D-05
0.2040820000000000D-060.2040820000000000D-060.4081630000000000D-06
0.4081630000000000D-060.4081630000000000D-060.4081630000000000D-06
0.4081630000000000D-060.2040820000000000D-060.2040820000000000D-06
0.2040820000000000D-06-.3673470000000000D-050.2040820000000000D-06
0.2040820000000000D-060.2040820000000000D-060.4081630000000000D-06
0.4081630000000000D-060.4081630000000000D-060.4081630000000000D-06
0.4081630000000000D-060.4081630000000000D-060.2040820000000000D-06
0.2040820000000000D-060.2040820000000000D-06-.3673470000000000D-05
0.2040820000000000D-060.2040820000000000D-060.2040820000000000D-06
0.4081630000000000D-060.4081630000000000D-060.4081630000000000D-06
0.4081630000000000D-060.4081630000000000D-060.4081630000000000D-06
0.2040820000000000D-060.2040820000000000D-060.2040820000000000D-06
-.3673470000000000D-050.2040820000000000D-060.2040820000000000D-06
0.2040820000000000D-060.4081630000000000D-060.4081630000000000D-06
0.4081630000000000D-060.4081630000000000D-060.4081630000000000D-06
0.4081630000000000D-060.2040820000000000D-060.2040820000000000D-06
0.2040820000000000D-06-.3673470000000000D-050.2040820000000000D-06
0.2040820000000000D-060.2040820000000000D-060.4081630000000000D-06
0.4081630000000000D-060.4081630000000000D-060.4081630000000000D-06
0.4081630000000000D-060.4081630000000000D-060.2040820000000000D-06
0.2040820000000000D-060.2040820000000000D-06-.3673470000000000D-05
0.2040820000000000D-060.2040820000000000D-060.2040820000000000D-06
0.4081630000000000D-060.4081630000000000D-060.4081630000000000D-06
0.4081630000000000D-060.4081630000000000D-060.4081630000000000D-06
0.2040820000000000D-060.2040820000000000D-06-.3673470000000000D-05
0.2040820000000000D-060.2040820000000000D-060.4081630000000000D-06
0.4081630000000000D-060.4081630000000000D-060.4081630000000000D-06
0.4081630000000000D-060.1020410000000000D-060.2040820000000000D-06
-.1836740000000000D-050.2040820000000000D-060.1020410000000000D-06
0.4081630000000000D-060.4081630000000000D-060.4081630000000000D-06
0.1020410000000000D-060.2040820000000000D-06-.2724490000000000D-05
0.3520410000000000D-060.2500000000000000D-060.4081630000000000D-06
0.4081630000000000D-060.1000000000000000D-050.2040820000000000D-06
0.2040820000000000D-060.3520410000000000D-06-.6336739999999999D-05
0.3520410000000000D-060.5000000000000000D-060.5000000000000000D-06
0.4081630000000000D-060.4081630000000000D-060.4081630000000000D-06
0.1000000000000000D-050.1000000000000000D-050.1000000000000000D-05
0.2040820000000000D-060.2040820000000000D-06-.6336739999999999D-05
0.3520410000000000D-060.5000000000000000D-060.4081630000000000D-06
0.4081630000000000D-060.4081630000000000D-060.1000000000000000D-05
0.1000000000000000D-050.2040820000000000D-060.2040820000000000D-06
0.3520410000000000D-06-.6336739999999999D-050.3520410000000000D-06
0.5000000000000000D-060.5000000000000000D-060.4081630000000000D-06
0.4081630000000000D-060.4081630000000000D-060.1000000000000000D-05
0.1000000000000000D-050.1000000000000000D-050.2040820000000000D-06
0.2040820000000000D-060.3520410000000000D-06-.6336739999999999D-05
0.3520410000000000D-060.5000000000000000D-060.5000000000000000D-06
0.4081630000000000D-060.4081630000000000D-060.4081630000000000D-06
0.1000000000000000D-050.1000000000000000D-050.1000000000000000D-05
0.2040820000000000D-060.2040820000000000D-060.3520410000000000D-06
-.6336739999999999D-050.3520410000000000D-060.5000000000000000D-06
0.5000000000000000D-060.4081630000000000D-060.4081630000000000D-06
0.4081630000000000D-060.1000000000000000D-050.1000000000000000D-05
0.1000000000000000D-050.2040820000000000D-060.2040820000000000D-06
0.3520410000000000D-06-.6336739999999999D-050.3520410000000000D-06
0.5000000000000000D-060.5000000000000000D-060.4081630000000000D-06
0.4081630000000000D-060.4081630000000000D-060.1000000000000000D-05
0.1000000000000000D-050.1000000000000000D-050.2040820000000000D-06
0.2040820000000000D-060.3520410000000000D-06-.6336739999999999D-05
0.3520410000000000D-060.5000000000000000D-060.5000000000000000D-06
0.4081630000000000D-060.4081630000000000D-060.4081630000000000D-06
0.1000000000000000D-050.1000000000000000D-050.1000000000000000D-05
0.2040820000000000D-060.3520410000000000D-06-.6336739999999999D-05
0.5000000000000000D-060.5000000000000000D-060.4081630000000000D-06
0.4081630000000000D-060.1000000000000000D-050.1000000000000000D-05
0.1000000000000000D-050.1020410000000000D-060.3520410000000000D-06
-.3612250000000000D-050.5000000000000000D-060.2500000000000000D-06
0.4081630000000000D-060.1000000000000000D-050.1000000000000000D-05
0.2500000000000000D-060.5000000000000000D-06-.4500000000000000D-05
0.5000000000000000D-060.2500000000000000D-060.1000000000000000D-05
0.1000000000000000D-050.1000000000000000D-050.5000000000000000D-06
0.5000000000000000D-060.5000000000000000D-06-.9000000000000000D-05
0.5000000000000000D-060.5000000000000000D-060.5000000000000000D-06
0.1000000000000000D-050.1000000000000000D-050.1000000000000000D-05
0.1000000000000000D-050.1000000000000000D-050.1000000000000000D-05
0.5000000000000000D-060.5000000000000000D-06-.9000000000000000D-05
0.5000000000000000D-060.5000000000000000D-060.1000000000000000D-05
0.1000000000000000D-050.1000000000000000D-050.1000000000000000D-05
0.1000000000000000D-050.5000000000000000D-060.5000000000000000D-06
0.5000000000000000D-06-.9000000000000000D-050.5000000000000000D-06
0.5000000000000000D-060.5000000000000000D-060.1000000000000000D-05
0.1000000000000000D-050.1000000000000000D-050.1000000000000000D-05
0.1000000000000000D-050.1000000000000000D-050.5000000000000000D-06
0.5000000000000000D-060.5000000000000000D-06-.9000000000000000D-05
0.5000000000000000D-060.5000000000000000D-060.5000000000000000D-06
0.1000000000000000D-050.1000000000000000D-050.1000000000000000D-05
0.1000000000000000D-050.1000000000000000D-050.1000000000000000D-05
0.5000000000000000D-060.5000000000000000D-060.5000000000000000D-06
-.9000000000000000D-050.5000000000000000D-060.5000000000000000D-06
0.5000000000000000D-060.1000000000000000D-050.1000000000000000D-05
0.1000000000000000D-050.1000000000000000D-050.1000000000000000D-05
0.1000000000000000D-050.5000000000000000D-060.5000000000000000D-06
0.5000000000000000D-06-.9000000000000000D-050.5000000000000000D-06
0.5000000000000000D-060.5000000000000000D-060.1000000000000000D-05
0.1000000000000000D-050.1000000000000000D-050.1000000000000000D-05
0.1000000000000000D-050.1000000000000000D-050.5000000000000000D-06
0.5000000000000000D-060.5000000000000000D-06-.9000000000000000D-05
0.5000000000000000D-060.5000000000000000D-060.5000000000000000D-06
0.1000000000000000D-050.1000000000000000D-050.1000000000000000D-05
0.1000000000000000D-050.1000000000000000D-050.1000000000000000D-05
0.5000000000000000D-060.5000000000000000D-06-.9000000000000000D-05
0.5000000000000000D-060.5000000000000000D-060.1000000000000000D-05
0.1000000000000000D-050.1000000000000000D-050.1000000000000000D-05
0.1000000000000000D-050.2500000000000000D-060.5000000000000000D-06
-.4500000000000000D-050.5000000000000000D-060.2500000000000000D-06
0.1000000000000000D-050.1000000000000000D-050.1000000000000000D-05
0.2500000000000000D-060.5000000000000000D-06-.4500000000000000D-05
0.5000000000000000D-060.2500000000000000D-060.1000000000000000D-05
0.1000000000000000D-050.1000000000000000D-050.5000000000000000D-06
0.5000000000000000D-060.5000000000000000D-06-.9000000000000000D-05
0.5000000000000000D-060.5000000000000000D-060.5000000000000000D-06
0.1000000000000000D-050.1000000000000000D-050.1000000000000000D-05
0.1000000000000000D-050.1000000000000000D-050.1000000000000000D-05
0.5000000000000000D-060.5000000000000000D-06-.9000000000000000D-05
0.5000000000000000D-060.5000000000000000D-060.1000000000000000D-05
0.1000000000000000D-050.1000000000000000D-050.1000000000000000D-05
0.1000000000000000D-050.5000000000000000D-060.5000000000000000D-06
0.5000000000000000D-06-.9000000000000000D-050.5000000000000000D-06
0.5000000000000000D-060.5000000000000000D-060.1000000000000000D-05
0.1000000000000000D-050.1000000000000000D-050.1000000000000000D-05
0.1000000000000000D-050.1000000000000000D-050.5000000000000000D-06
0.5000000000000000D-060.5000000000000000D-06-.9000000000000000D-05
0.5000000000000000D-060.5000000000000000D-060.5000000000000000D-06
0.1000000000000000D-050.1000000000000000D-050.1000000000000000D-05
0.1000000000000000D-050.1000000000000000D-050.1000000000000000D-05
0.5000000000000000D-060.5000000000000000D-060.5000000000000000D-06
-.9000000000000000D-050.5000000000000000D-060.5000000000000000D-06
0.5000000000000000D-060.1000000000000000D-050.1000000000000000D-05
0.1000000000000000D-050.1000000000000000D-050.1000000000000000D-05
0.1000000000000000D-050.5000000000000000D-060.5000000000000000D-06
0.5000000000000000D-06-.9000000000000000D-050.5000000000000000D-06
0.5000000000000000D-060.5000000000000000D-060.1000000000000000D-05
0.1000000000000000D-050.1000000000000000D-050.1000000000000000D-05
0.1000000000000000D-050.1000000000000000D-050.5000000000000000D-06
0.5000000000000000D-060.5000000000000000D-06-.9000000000000000D-05
0.5000000000000000D-060.5000000000000000D-060.5000000000000000D-06
0.1000000000000000D-050.1000000000000000D-050.1000000000000000D-05
0.1000000000000000D-050.1000000000000000D-050.1000000000000000D-05
0.5000000000000000D-060.5000000000000000D-06-.9000000000000000D-05
0.5000000000000000D-060.5000000000000000D-060.1000000000000000D-05
0.1000000000000000D-050.1000000000000000D-050.1000000000000000D-05
0.1000000000000000D-050.2500000000000000D-060.5000000000000000D-06
-.4500000000000000D-050.5000000000000000D-060.2500000000000000D-06
0.1000000000000000D-050.1000000000000000D-050.1000000000000000D-05
0.2500000000000000D-060.5000000000000000D-06-.4500000000000000D-05
0.5000000000000000D-060.2500000000000000D-060.1000000000000000D-05
0.1000000000000000D-050.1000000000000000D-050.5000000000000000D-06
0.5000000000000000D-060.5000000000000000D-06-.9000000000000000D-05
0.5000000000000000D-060.5000000000000000D-060.5000000000000000D-06
0.1000000000000000D-050.1000000000000000D-050.1000000000000000D-05
0.1000000000000000D-050.1000000000000000D-050.1000000000000000D-05
0.5000000000000000D-060.5000000000000000D-06-.9000000000000000D-05
0.5000000000000000D-060.5000000000000000D-060.1000000000000000D-05
0.1000000000000000D-050.1000000000000000D-050.1000000000000000D-05
0.1000000000000000D-050.5000000000000000D-060.5000000000000000D-06
0.5000000000000000D-06-.9000000000000000D-050.5000000000000000D-06
0.5000000000000000D-060.5000000000000000D-060.1000000000000000D-05
0.1000000000000000D-050.1000000000000000D-050.1000000000000000D-05
0.1000000000000000D-050.1000000000000000D-050.5000000000000000D-06
0.5000000000000000D-060.5000000000000000D-06-.9000000000000000D-05
0.5000000000000000D-060.5000000000000000D-060.5000000000000000D-06
0.1000000000000000D-050.1000000000000000D-050.1000000000000000D-05
0.1000000000000000D-050.1000000000000000D-050.1000000000000000D-05
0.5000000000000000D-060.5000000000000000D-060.5000000000000000D-06
-.9000000000000000D-050.5000000000000000D-060.5000000000000000D-06
0.5000000000000000D-060.1000000000000000D-050.1000000000000000D-05
0.1000000000000000D-050.1000000000000000D-050.1000000000000000D-05
0.1000000000000000D-050.5000000000000000D-060.5000000000000000D-06
0.5000000000000000D-06-.9000000000000000D-050.5000000000000000D-06
0.5000000000000000D-060.5000000000000000D-060.1000000000000000D-05
0.1000000000000000D-050.1000000000000000D-050.1000000000000000D-05
0.1000000000000000D-050.1000000000000000D-050.5000000000000000D-06
0.5000000000000000D-060.5000000000000000D-06-.9000000000000000D-05
0.5000000000000000D-060.5000000000000000D-060.5000000000000000D-06
0.1000000000000000D-050.1000000000000000D-050.1000000000000000D-05
0.1000000000000000D-050.1000000000000000D-050.1000000000000000D-05
0.5000000000000000D-060.5000000000000000D-06-.9000000000000000D-05
0.5000000000000000D-060.5000000000000000D-060.1000000000000000D-05
0.1000000000000000D-050.1000000000000000D-050.1000000000000000D-05
0.1000000000000000D-050.2500000000000000D-060.5000000000000000D-06
-.4500000000000000D-050.5000000000000000D-060.2500000000000000D-06
0.1000000000000000D-050.1000000000000000D-050.1000000000000000D-05
0.2500000000000000D-060.5000000000000000D-06-.4500000000000000D-05
0.5000000000000000D-060.1000000000000000D-050.1000000000000000D-05
0.1000000000000000D-050.5000000000000000D-060.5000000000000000D-06
0.5000000000000000D-06-.9000000000000000D-050.5000000000000000D-06
0.1000000000000000D-050.1000000000000000D-050.1000000000000000D-05
0.1000000000000000D-050.1000000000000000D-050.5000000000000000D-06
0.5000000000000000D-06-.9000000000000000D-050.5000000000000000D-06
0.5000000000000000D-060.1000000000000000D-050.1000000000000000D-05
0.1000000000000000D-050.1000000000000000D-050.1000000000000000D-05
0.5000000000000000D-060.5000000000000000D-060.5000000000000000D-06
-.9000000000000000D-050.5000000000000000D-060.1000000000000000D-05
0.1000000000000000D-050.1000000000000000D-050.1000000000000000D-05
0.1000000000000000D-050.5000000000000000D-060.5000000000000000D-06
0.5000000000000000D-06-.9000000000000000D-050.5000000000000000D-06
0.5000000000000000D-060.5000000000000000D-060.1000000000000000D-05
0.1000000000000000D-050.1000000000000000D-050.1000000000000000D-05
0.1000000000000000D-050.1000000000000000D-050.5000000000000000D-06
0.5000000000000000D-060.5000000000000000D-06-.9000000000000000D-05
0.5000000000000000D-060.1000000000000000D-050.1000000000000000D-05
0.1000000000000000D-050.1000000000000000D-050.1000000000000000D-05
0.5000000000000000D-060.5000000000000000D-060.5000000000000000D-06
-.9000000000000000D-050.5000000000000000D-060.5000000000000000D-06
0.5000000000000000D-060.1000000000000000D-050.1000000000000000D-05
0.1000000000000000D-050.1000000000000000D-050.1000000000000000D-05
0.1000000000000000D-050.5000000000000000D-060.5000000000000000D-06
0.5000000000000000D-06-.9000000000000000D-050.5000000000000000D-06
0.1000000000000000D-050.1000000000000000D-050.1000000000000000D-05
0.1000000000000000D-050.1000000000000000D-050.5000000000000000D-06
0.5000000000000000D-06-.9000000000000000D-050.5000000000000000D-06
0.5000000000000000D-060.1000000000000000D-050.1000000000000000D-05
0.1000000000000000D-050.1000000000000000D-050.1000000000000000D-05
0.2500000000000000D-060.5000000000000000D-06-.4500000000000000D-05
0.1000000000000000D-050.1000000000000000D-050.5000000000000000D-06
0.5000000000000000D-06-.4500000000000000D-050.2500000000000000D-06
0.1000000000000000D-050.1000000000000000D-050.1000000000000000D-05
0.5000000000000000D-060.5000000000000000D-060.2500000000000000D-06
-.4500000000000000D-050.2500000000000000D-060.1000000000000000D-05
0.1000000000000000D-050.1000000000000000D-050.5000000000000000D-06
0.5000000000000000D-060.2500000000000000D-06-.4500000000000000D-05
0.2500000000000000D-060.1000000000000000D-050.1000000000000000D-05
0.1000000000000000D-050.5000000000000000D-060.2500000000000000D-06
-.4500000000000000D-050.1000000000000000D-050.1000000000000000D-05
-.3265310000000001D-05-.1632650000000000D-050.4081630000000000D-06
-.1632650000000000D-05-.6530610000000000D-05-.1632650000000000D-05
-.1632650000000000D-050.4081630000000000D-06-.6530610000000000D-05
-.1632650000000000D-05-.1632650000000000D-05-.1632650000000000D-05
-.1632650000000000D-05-.3265310000000001D-050.4081630000000000D-06
-.1632650000000000D-05-.6530610000000000D-05-.1632650000000000D-05
-.1632650000000000D-05-.1632650000000000D-050.4081630000000000D-06
-.1632650000000000D-05-.6530610000000000D-05-.1632650000000000D-05
-.1632650000000000D-050.4081630000000000D-06-.1632650000000000D-05
-.1632650000000000D-05-.6530610000000000D-05-.1632650000000000D-05
0.4081630000000000D-06-.1632650000000000D-05-.1632650000000000D-05
-.6530610000000000D-05-.1632650000000000D-05-.1632650000000000D-05
0.4081630000000000D-06-.1632650000000000D-05-.6530610000000000D-05
-.1632650000000000D-05-.1632650000000000D-050.4081630000000000D-06
0.4081630000000000D-06-.1632650000000000D-05-.6530610000000000D-05
-.1632650000000000D-05-.1632650000000000D-05-.1632650000000000D-05
0.4081630000000000D-06-.1632650000000000D-05-.1632650000000000D-05
-.3265310000000001D-050.4081630000000000D-06-.1632650000000000D-05
-.6530610000000000D-05-.1632650000000000D-05-.1632650000000000D-05
-.1632650000000000D-050.4081630000000000D-060.4081630000000000D-06
-.1632650000000000D-05-.6530610000000000D-05-.1632650000000000D-05
-.1632650000000000D-05-.1632650000000000D-050.4081630000000000D-06
-.1632650000000000D-05-.1632650000000000D-05-.6530610000000000D-05
-.1632650000000000D-050.4081630000000000D-060.4081630000000000D-06
-.1632650000000000D-05-.1632650000000000D-05-.6530610000000000D-05
-.1632650000000000D-05-.1632650000000000D-050.4081630000000000D-06
-.1632650000000000D-05-.6530610000000000D-05-.1632650000000000D-05
-.1632650000000000D-050.4081630000000000D-060.4081630000000000D-06
-.1632650000000000D-05-.6530610000000000D-05-.1632650000000000D-05
-.1632650000000000D-05-.1632650000000000D-050.4081630000000000D-06
-.1632650000000000D-05-.1632650000000000D-05-.3265310000000001D-05
0.4081630000000000D-06-.1632650000000000D-05-.6530610000000000D-05
-.1632650000000000D-05-.1632650000000000D-05-.1632650000000000D-05
0.4081630000000000D-060.4081630000000000D-06-.1632650000000000D-05
-.6530610000000000D-05-.1632650000000000D-05-.1632650000000000D-05
-.1632650000000000D-050.4081630000000000D-06-.1632650000000000D-05
-.1632650000000000D-05-.6530610000000000D-05-.1632650000000000D-05
0.4081630000000000D-060.4081630000000000D-06-.1632650000000000D-05
-.1632650000000000D-05-.6530610000000000D-05-.1632650000000000D-05
-.1632650000000000D-050.4081630000000000D-06-.1632650000000000D-05
-.6530610000000000D-05-.1632650000000000D-05-.1632650000000000D-05
0.4081630000000000D-060.4081630000000000D-06-.1632650000000000D-05
-.6530610000000000D-05-.1632650000000000D-05-.1632650000000000D-05
-.1632650000000000D-050.4081630000000000D-06-.1632650000000000D-05
-.1632650000000000D-05-.3265310000000001D-050.4081630000000000D-06
-.1632650000000000D-05-.6530610000000000D-05-.1632650000000000D-05
-.1632650000000000D-05-.1632650000000000D-050.4081630000000000D-06
0.4081630000000000D-06-.1632650000000000D-05-.6530610000000000D-05
-.1632650000000000D-05-.1632650000000000D-05-.1632650000000000D-05
0.4081630000000000D-06-.1632650000000000D-05-.1632650000000000D-05
-.6530610000000000D-05-.1632650000000000D-050.4081630000000000D-06
-.1632650000000000D-05-.1632650000000000D-05-.6530610000000000D-05
-.1632650000000000D-05-.1632650000000000D-050.4081630000000000D-06
-.1632650000000000D-05-.6530610000000000D-05-.1632650000000000D-05
-.1632650000000000D-050.4081630000000000D-06-.1632650000000000D-05
-.6530610000000000D-05-.1632650000000000D-05-.1632650000000000D-05
0.4081630000000000D-06-.1632650000000000D-05-.1632650000000000D-05
-.3265310000000001D-050.4081630000000000D-06-.1632650000000000D-05
-.6530610000000000D-05-.1632650000000000D-05-.1632650000000000D-05
-.1632650000000000D-050.4081630000000000D-06-.1632650000000000D-05
-.6530610000000000D-05-.1632650000000000D-05-.1632650000000000D-05
0.4081630000000000D-06-.1632650000000000D-05-.1632650000000000D-05
-.3265310000000001D-050.4081630000000000D-06-.1632650000000000D-05
-.3265310000000001D-05-.1632650000000000D-050.4081630000000000D-06
0.4081630000000000D-06-.1632650000000000D-05-.1632650000000000D-05
-.6530610000000000D-05-.1632650000000000D-05-.1632650000000000D-05
0.4081630000000000D-06-.1632650000000000D-05-.6530610000000000D-05
-.1632650000000000D-05-.1632650000000000D-050.4081630000000000D-06
0.4081630000000000D-06-.1632650000000000D-05-.6530610000000000D-05
-.1632650000000000D-05-.1632650000000000D-05-.1632650000000000D-05
0.4081630000000000D-06-.1632650000000000D-05-.6530610000000000D-05
-.1632650000000000D-05-.1632650000000000D-050.4081630000000000D-06
0.4081630000000000D-06-.1632650000000000D-05-.1632650000000000D-05
-.1632650000000000D-05-.6530610000000000D-05-.1632650000000000D-05
0.4081630000000000D-06-.1632650000000000D-05-.1632650000000000D-05
-.1632650000000000D-05-.6530610000000000D-05-.1632650000000000D-05
0.4081630000000000D-060.4081630000000000D-06-.1632650000000000D-05
-.1632650000000000D-05-.6530610000000000D-05-.1632650000000000D-05
-.1632650000000000D-050.4081630000000000D-060.4081630000000000D-06
-.1632650000000000D-05-.1632650000000000D-05-.6530610000000000D-05
-.1632650000000000D-05-.1632650000000000D-050.4081630000000000D-06
0.4081630000000000D-06-.1632650000000000D-05-.6530610000000000D-05
-.1632650000000000D-05-.1632650000000000D-05-.1632650000000000D-05
0.4081630000000000D-060.4081630000000000D-06-.1632650000000000D-05
-.6530610000000000D-05-.1632650000000000D-05-.1632650000000000D-05
-.1632650000000000D-050.4081630000000000D-060.4081630000000000D-06
-.1632650000000000D-05-.1632650000000000D-05-.1632650000000000D-05
-.6530610000000000D-05-.1632650000000000D-050.4081630000000000D-06
0.4081630000000000D-06-.1632650000000000D-05-.1632650000000000D-05
-.1632650000000000D-05-.6530610000000000D-05-.1632650000000000D-05
0.4081630000000000D-060.4081630000000000D-06-.1632650000000000D-05
-.1632650000000000D-05-.6530610000000000D-05-.1632650000000000D-05
-.1632650000000000D-050.4081630000000000D-060.4081630000000000D-06
-.1632650000000000D-05-.1632650000000000D-05-.6530610000000000D-05
-.1632650000000000D-05-.1632650000000000D-050.4081630000000000D-06
0.4081630000000000D-06-.1632650000000000D-05-.6530610000000000D-05
-.1632650000000000D-05-.1632650000000000D-05-.1632650000000000D-05
0.4081630000000000D-060.4081630000000000D-06-.1632650000000000D-05
-.6530610000000000D-05-.1632650000000000D-05-.1632650000000000D-05
-.1632650000000000D-050.4081630000000000D-060.4081630000000000D-06
-.1632650000000000D-05-.1632650000000000D-05-.1632650000000000D-05
-.6530610000000000D-05-.1632650000000000D-050.4081630000000000D-06
0.4081630000000000D-06-.1632650000000000D-05-.1632650000000000D-05
-.1632650000000000D-05-.6530610000000000D-05-.1632650000000000D-05
0.4081630000000000D-060.4081630000000000D-06-.1632650000000000D-05
-.1632650000000000D-05-.6530610000000000D-05-.1632650000000000D-05
-.1632650000000000D-050.4081630000000000D-060.4081630000000000D-06
-.1632650000000000D-05-.1632650000000000D-05-.6530610000000000D-05
-.1632650000000000D-05-.1632650000000000D-050.4081630000000000D-06
0.4081630000000000D-06-.1632650000000000D-05-.6530610000000000D-05
-.1632650000000000D-05-.1632650000000000D-05-.1632650000000000D-05
0.4081630000000000D-060.4081630000000000D-06-.1632650000000000D-05
-.6530610000000000D-05-.1632650000000000D-05-.1632650000000000D-05
-.1632650000000000D-050.4081630000000000D-060.4081630000000000D-06
-.1632650000000000D-05-.1632650000000000D-05-.1632650000000000D-05
-.6530610000000000D-05-.1632650000000000D-050.4081630000000000D-06
-.1632650000000000D-05-.1632650000000000D-05-.1632650000000000D-05
-.6530610000000000D-05-.1632650000000000D-050.4081630000000000D-06
0.4081630000000000D-06-.1632650000000000D-05-.1632650000000000D-05
-.6530610000000000D-05-.1632650000000000D-05-.1632650000000000D-05
0.4081630000000000D-06-.1632650000000000D-05-.1632650000000000D-05
-.6530610000000000D-05-.1632650000000000D-050.4081630000000000D-06
0.4081630000000000D-06-.1632650000000000D-05-.6530610000000000D-05
-.1632650000000000D-05-.1632650000000000D-05-.1632650000000000D-05
0.4081630000000000D-06-.1632650000000000D-05-.6530610000000000D-05
-.1632650000000000D-05-.1632650000000000D-050.4081630000000000D-06
-.1632650000000000D-05-.1632650000000000D-05-.3265310000000001D-05
0.4081630000000000D-06-.1632650000000000D-05-.3265310000000001D-05
-.1632650000000000D-050.4081630000000000D-060.4081630000000000D-06
-.1632650000000000D-05-.1632650000000000D-05-.6530610000000000D-05
-.1632650000000000D-05-.1632650000000000D-050.4081630000000000D-06
-.1632650000000000D-05-.6530610000000000D-05-.1632650000000000D-05
-.1632650000000000D-050.4081630000000000D-060.4081630000000000D-06
-.1632650000000000D-05-.6530610000000000D-05-.1632650000000000D-05
-.1632650000000000D-05-.1632650000000000D-050.4081630000000000D-06
-.1632650000000000D-05-.6530610000000000D-05-.1632650000000000D-05
-.1632650000000000D-050.4081630000000000D-060.4081630000000000D-06
-.1632650000000000D-05-.1632650000000000D-05-.1632650000000000D-05
-.6530610000000000D-05-.1632650000000000D-050.4081630000000000D-06
-.1632650000000000D-05-.1632650000000000D-05-.1632650000000000D-05
-.6530610000000000D-05-.1632650000000000D-050.4081630000000000D-06
0.4081630000000000D-06-.1632650000000000D-05-.1632650000000000D-05
-.6530610000000000D-05-.1632650000000000D-05-.1632650000000000D-05
0.4081630000000000D-060.4081630000000000D-06-.1632650000000000D-05
-.1632650000000000D-05-.6530610000000000D-05-.1632650000000000D-05
-.1632650000000000D-050.4081630000000000D-060.4081630000000000D-06
-.1632650000000000D-05-.6530610000000000D-05-.1632650000000000D-05
-.1632650000000000D-05-.1632650000000000D-050.4081630000000000D-06
0.4081630000000000D-06-.1632650000000000D-05-.6530610000000000D-05
-.1632650000000000D-05-.1632650000000000D-05-.1632650000000000D-05
0.4081630000000000D-060.4081630000000000D-06-.1632650000000000D-05
-.1632650000000000D-05-.1632650000000000D-05-.6530610000000000D-05
-.1632650000000000D-050.4081630000000000D-060.4081630000000000D-06
-.1632650000000000D-05-.1632650000000000D-05-.1632650000000000D-05
-.6530610000000000D-05-.1632650000000000D-050.4081630000000000D-06
0.4081630000000000D-06-.1632650000000000D-05-.1632650000000000D-05
-.6530610000000000D-05-.1632650000000000D-05-.1632650000000000D-05
0.4081630000000000D-060.4081630000000000D-06-.1632650000000000D-05
-.1632650000000000D-05-.6530610000000000D-05-.1632650000000000D-05
-.1632650000000000D-050.4081630000000000D-060.4081630000000000D-06
-.1632650000000000D-05-.6530610000000000D-05-.1632650000000000D-05
-.1632650000000000D-05-.1632650000000000D-050.4081630000000000D-06
0.4081630000000000D-06-.1632650000000000D-05-.6530610000000000D-05
-.1632650000000000D-05-.1632650000000000D-05-.1632650000000000D-05
0.4081630000000000D-060.4081630000000000D-06-.1632650000000000D-05
-.1632650000000000D-05-.1632650000000000D-05-.6530610000000000D-05
-.1632650000000000D-050.4081630000000000D-060.4081630000000000D-06
-.1632650000000000D-05-.1632650000000000D-05-.1632650000000000D-05
-.6530610000000000D-05-.1632650000000000D-050.4081630000000000D-06
0.4081630000000000D-06-.1632650000000000D-05-.1632650000000000D-05
-.6530610000000000D-05-.1632650000000000D-05-.1632650000000000D-05
0.4081630000000000D-060.4081630000000000D-06-.1632650000000000D-05
-.1632650000000000D-05-.6530610000000000D-05-.1632650000000000D-05
-.1632650000000000D-050.4081630000000000D-060.4081630000000000D-06
-.1632650000000000D-05-.6530610000000000D-05-.1632650000000000D-05
-.1632650000000000D-05-.1632650000000000D-050.4081630000000000D-06
0.4081630000000000D-06-.1632650000000000D-05-.6530610000000000D-05
-.1632650000000000D-05-.1632650000000000D-05-.1632650000000000D-05
0.4081630000000000D-060.4081630000000000D-06-.1632650000000000D-05
-.1632650000000000D-05-.1632650000000000D-05-.6530610000000000D-05
-.1632650000000000D-050.4081630000000000D-06-.1632650000000000D-05
-.1632650000000000D-05-.1632650000000000D-05-.6530610000000000D-05
-.1632650000000000D-050.4081630000000000D-060.4081630000000000D-06
-.1632650000000000D-05-.1632650000000000D-05-.6530610000000000D-05
-.1632650000000000D-05-.1632650000000000D-050.4081630000000000D-06
-.1632650000000000D-05-.1632650000000000D-05-.6530610000000000D-05
-.1632650000000000D-050.4081630000000000D-060.4081630000000000D-06
-.1632650000000000D-05-.6530610000000000D-05-.1632650000000000D-05
-.1632650000000000D-05-.1632650000000000D-050.4081630000000000D-06
-.1632650000000000D-05-.6530610000000000D-05-.1632650000000000D-05
-.1632650000000000D-050.4081630000000000D-06-.1632650000000000D-05
-.1632650000000000D-05-.3265310000000001D-050.4081630000000000D-06
-.1632650000000000D-05-.3265310000000001D-05-.1632650000000000D-05
0.4081630000000000D-060.4081630000000000D-06-.1632650000000000D-05
-.1632650000000000D-05-.6530610000000000D-05-.1632650000000000D-05
-.1632650000000000D-050.4081630000000000D-06-.1632650000000000D-05
-.6530610000000000D-05-.1632650000000000D-05-.1632650000000000D-05
0.4081630000000000D-060.4081630000000000D-06-.1632650000000000D-05
-.6530610000000000D-05-.1632650000000000D-05-.1632650000000000D-05
-.1632650000000000D-050.4081630000000000D-06-.1632650000000000D-05
-.6530610000000000D-05-.1632650000000000D-05-.1632650000000000D-05
0.4081630000000000D-060.4081630000000000D-06-.1632650000000000D-05
-.1632650000000000D-05-.1632650000000000D-05-.6530610000000000D-05
-.1632650000000000D-050.4081630000000000D-06-.1632650000000000D-05
-.1632650000000000D-05-.1632650000000000D-05-.6530610000000000D-05
-.1632650000000000D-050.4081630000000000D-060.4081630000000000D-06
-.1632650000000000D-05-.1632650000000000D-05-.6530610000000000D-05
-.1632650000000000D-05-.1632650000000000D-050.4081630000000000D-06
0.4081630000000000D-06-.1632650000000000D-05-.1632650000000000D-05
-.6530610000000000D-05-.1632650000000000D-05-.1632650000000000D-05
0.4081630000000000D-060.4081630000000000D-06-.1632650000000000D-05
-.6530610000000000D-05-.1632650000000000D-05-.1632650000000000D-05
-.1632650000000000D-050.4081630000000000D-060.4081630000000000D-06
-.1632650000000000D-05-.6530610000000000D-05-.1632650000000000D-05
-.1632650000000000D-05-.1632650000000000D-050.4081630000000000D-06
0.4081630000000000D-06-.1632650000000000D-05-.1632650000000000D-05
-.1632650000000000D-05-.6530610000000000D-05-.1632650000000000D-05
0.4081630000000000D-060.4081630000000000D-06-.1632650000000000D-05
-.1632650000000000D-05-.1632650000000000D-05-.6530610000000000D-05
-.1632650000000000D-050.4081630000000000D-060.4081630000000000D-06
-.1632650000000000D-05-.1632650000000000D-05-.6530610000000000D-05
-.1632650000000000D-05-.1632650000000000D-050.4081630000000000D-06
0.4081630000000000D-06-.1632650000000000D-05-.1632650000000000D-05
-.6530610000000000D-05-.1632650000000000D-05-.1632650000000000D-05
0.4081630000000000D-060.4081630000000000D-06-.1632650000000000D-05
-.6530610000000000D-05-.1632650000000000D-05-.1632650000000000D-05
-.1632650000000000D-050.4081630000000000D-060.4081630000000000D-06
-.1632650000000000D-05-.6530610000000000D-05-.1632650000000000D-05
-.1632650000000000D-05-.1632650000000000D-050.4081630000000000D-06
0.4081630000000000D-06-.1632650000000000D-05-.1632650000000000D-05
-.1632650000000000D-05-.6530610000000000D-05-.1632650000000000D-05
0.4081630000000000D-060.4081630000000000D-06-.1632650000000000D-05
-.1632650000000000D-05-.1632650000000000D-05-.6530610000000000D-05
-.1632650000000000D-050.4081630000000000D-060.4081630000000000D-06
-.1632650000000000D-05-.1632650000000000D-05-.6530610000000000D-05
-.1632650000000000D-05-.1632650000000000D-050.4081630000000000D-06
0.4081630000000000D-06-.1632650000000000D-05-.1632650000000000D-05
-.6530610000000000D-05-.1632650000000000D-05-.1632650000000000D-05
0.4081630000000000D-060.4081630000000000D-06-.1632650000000000D-05
-.6530610000000000D-05-.1632650000000000D-05-.1632650000000000D-05
-.1632650000000000D-050.4081630000000000D-060.4081630000000000D-06
-.1632650000000000D-05-.6530610000000000D-05-.1632650000000000D-05
-.1632650000000000D-05-.1632650000000000D-050.4081630000000000D-06
0.4081630000000000D-06-.1632650000000000D-05-.1632650000000000D-05
-.1632650000000000D-05-.6530610000000000D-05-.1632650000000000D-05
0.4081630000000000D-06-.1632650000000000D-05-.1632650000000000D-05
-.1632650000000000D-05-.6530610000000000D-05-.1632650000000000D-05
0.4081630000000000D-060.4081630000000000D-06-.1632650000000000D-05
-.1632650000000000D-05-.6530610000000000D-05-.1632650000000000D-05
-.1632650000000000D-050.4081630000000000D-06-.1632650000000000D-05
-.1632650000000000D-05-.6530610000000000D-05-.1632650000000000D-05
0.4081630000000000D-060.4081630000000000D-06-.1632650000000000D-05
-.6530610000000000D-05-.1632650000000000D-05-.1632650000000000D-05
-.1632650000000000D-050.4081630000000000D-06-.1632650000000000D-05
-.6530610000000000D-05-.1632650000000000D-05-.1632650000000000D-05
0.4081630000000000D-06-.1632650000000000D-05-.1632650000000000D-05
-.3265310000000001D-050.4081630000000000D-06-.1632650000000000D-05
-.3265310000000001D-05-.1632650000000000D-050.4081630000000000D-06
0.4081630000000000D-06-.1632650000000000D-05-.1632650000000000D-05
-.6530610000000000D-05-.1632650000000000D-05-.1632650000000000D-05
0.4081630000000000D-06-.1632650000000000D-05-.6530610000000000D-05
-.1632650000000000D-05-.1632650000000000D-050.4081630000000000D-06
0.1000000000000000D-05-.1632650000000000D-05-.1126530000000000D-04
-.1632650000000000D-05-.4000000000000000D-05-.4000000000000000D-05
0.4081630000000000D-06-.1632650000000000D-05-.1126530000000000D-04
-.1632650000000000D-05-.4000000000000000D-050.4081630000000000D-06
0.4081630000000000D-06-.1632650000000000D-05-.1632650000000000D-05
-.1632650000000000D-05-.6530610000000000D-05-.1632650000000000D-05
0.4081630000000000D-06-.1632650000000000D-05-.1632650000000000D-05
-.1632650000000000D-05-.6530610000000000D-05-.1632650000000000D-05
0.4081630000000000D-060.4081630000000000D-06-.1632650000000000D-05
-.1632650000000000D-05-.6530610000000000D-05-.1632650000000000D-05
-.1632650000000000D-050.4081630000000000D-060.4081630000000000D-06
-.1632650000000000D-05-.1632650000000000D-05-.6530610000000000D-05
-.1632650000000000D-05-.1632650000000000D-050.4081630000000000D-06
0.1000000000000000D-05-.1632650000000000D-05-.1126530000000000D-04
-.1632650000000000D-05-.4000000000000000D-05-.4000000000000000D-05
0.4081630000000000D-060.1000000000000000D-05-.1632650000000000D-05
-.1126530000000000D-04-.1632650000000000D-05-.4000000000000000D-05
-.4000000000000000D-050.4081630000000000D-060.4081630000000000D-06
-.1632650000000000D-05-.1632650000000000D-05-.1632650000000000D-05
-.6530610000000000D-05-.1632650000000000D-050.4081630000000000D-06
0.4081630000000000D-06-.1632650000000000D-05-.1632650000000000D-05
-.1632650000000000D-05-.6530610000000000D-05-.1632650000000000D-05
0.4081630000000000D-060.4081630000000000D-06-.1632650000000000D-05
-.1632650000000000D-05-.6530610000000000D-05-.1632650000000000D-05
-.1632650000000000D-050.4081630000000000D-060.4081630000000000D-06
-.1632650000000000D-05-.1632650000000000D-05-.6530610000000000D-05
-.1632650000000000D-05-.1632650000000000D-050.4081630000000000D-06
0.1000000000000000D-05-.1632650000000000D-05-.1126530000000000D-04
-.1632650000000000D-05-.4000000000000000D-05-.4000000000000000D-05
0.4081630000000000D-060.1000000000000000D-05-.1632650000000000D-05
-.1126530000000000D-04-.1632650000000000D-05-.4000000000000000D-05
-.4000000000000000D-050.4081630000000000D-060.4081630000000000D-06
-.1632650000000000D-05-.1632650000000000D-05-.1632650000000000D-05
-.6530610000000000D-05-.1632650000000000D-050.4081630000000000D-06
0.4081630000000000D-06-.1632650000000000D-05-.1632650000000000D-05
-.1632650000000000D-05-.6530610000000000D-05-.1632650000000000D-05
0.4081630000000000D-060.4081630000000000D-06-.1632650000000000D-05
-.1632650000000000D-05-.6530610000000000D-05-.1632650000000000D-05
-.1632650000000000D-050.4081630000000000D-060.4081630000000000D-06
-.1632650000000000D-05-.1632650000000000D-05-.6530610000000000D-05
-.1632650000000000D-05-.1632650000000000D-050.4081630000000000D-06
0.1000000000000000D-05-.1632650000000000D-05-.1126530000000000D-04
-.1632650000000000D-05-.4000000000000000D-05-.4000000000000000D-05
0.4081630000000000D-060.1000000000000000D-05-.1632650000000000D-05
-.1126530000000000D-04-.1632650000000000D-05-.4000000000000000D-05
-.4000000000000000D-050.4081630000000000D-060.4081630000000000D-06
-.1632650000000000D-05-.1632650000000000D-05-.1632650000000000D-05
-.6530610000000000D-05-.1632650000000000D-050.4081630000000000D-06
-.1632650000000000D-05-.1632650000000000D-05-.1632650000000000D-05
-.6530610000000000D-05-.1632650000000000D-050.4081630000000000D-06
0.4081630000000000D-06-.1632650000000000D-05-.1632650000000000D-05
-.6530620000000001D-05-.1632650000000000D-05-.1632650000000000D-05
0.4081630000000000D-06-.1632650000000000D-05-.1632650000000000D-05
-.6530620000000001D-05-.1632650000000000D-050.4081630000000000D-06
0.1000000000000000D-05-.1632650000000000D-05-.1126530000000000D-04
-.1632650000000000D-05-.4000000000000000D-05-.4000000000000000D-05
0.1000000000000000D-05-.1632650000000000D-05-.1126530000000000D-04
-.4000000000000000D-05-.4000000000000000D-050.4081630000000000D-06
-.1632650000000000D-05-.1632650000000000D-05-.3265310000000001D-05
0.1000000000000000D-05-.4000000000000000D-05-.8000000000000000D-05
-.4000000000000000D-050.1000000000000000D-050.1000000000000000D-05
-.4000000000000000D-05-.4000000000000000D-05-.1600000000000000D-04
-.4000000000000000D-05-.4000000000000000D-050.1000000000000000D-05
-.4000000000000000D-05-.1600000000000000D-04-.4000000000000000D-05
-.4000000000000000D-050.1000000000000000D-050.1000000000000000D-05
-.4000000000000000D-05-.1600000000000000D-04-.4000000000000000D-05
-.4000000000000000D-05-.4000000000000000D-050.1000000000000000D-05
-.4000000000000000D-05-.1600000000000000D-04-.4000000000000000D-05
-.4000000000000000D-050.1000000000000000D-050.1000000000000000D-05
-.4000000000000000D-05-.4000000000000000D-05-.4000000000000000D-05
-.1600000000000000D-04-.4000000000000000D-050.1000000000000000D-05
-.4000000000000000D-05-.4000000000000000D-05-.4000000000000000D-05
-.1600000000000000D-04-.4000000000000000D-050.1000000000000000D-05
0.1000000000000000D-05-.4000000000000000D-05-.4000000000000000D-05
-.1600000000000000D-04-.4000000000000000D-05-.4000000000000000D-05
0.1000000000000000D-050.1000000000000000D-05-.4000000000000000D-05
-.4000000000000000D-05-.1600000000000000D-04-.4000000000000000D-05
-.4000000000000000D-050.1000000000000000D-050.1000000000000000D-05
-.4000000000000000D-05-.1600000000000000D-04-.4000000000000000D-05
-.4000000000000000D-05-.4000000000000000D-050.1000000000000000D-05
0.1000000000000000D-05-.4000000000000000D-05-.1600000000000000D-04
-.4000000000000000D-05-.4000000000000000D-05-.4000000000000000D-05
0.1000000000000000D-050.1000000000000000D-05-.4000000000000000D-05
-.4000000000000000D-05-.4000000000000000D-05-.1600000000000000D-04
-.4000000000000000D-050.1000000000000000D-050.1000000000000000D-05
-.4000000000000000D-05-.4000000000000000D-05-.4000000000000000D-05
-.1600000000000000D-04-.4000000000000000D-050.1000000000000000D-05
0.1000000000000000D-05-.4000000000000000D-05-.4000000000000000D-05
-.1600000000000000D-04-.4000000000000000D-05-.4000000000000000D-05
0.1000000000000000D-050.1000000000000000D-05-.4000000000000000D-05
-.4000000000000000D-05-.1600000000000000D-04-.4000000000000000D-05
-.4000000000000000D-050.1000000000000000D-050.1000000000000000D-05
-.4000000000000000D-05-.1600000000000000D-04-.4000000000000000D-05
-.4000000000000000D-05-.4000000000000000D-050.1000000000000000D-05
0.1000000000000000D-05-.4000000000000000D-05-.1600000000000000D-04
-.4000000000000000D-05-.4000000000000000D-05-.4000000000000000D-05
0.1000000000000000D-050.1000000000000000D-05-.4000000000000000D-05
-.4000000000000000D-05-.4000000000000000D-05-.1600000000000000D-04
-.4000000000000000D-050.1000000000000000D-050.1000000000000000D-05
-.4000000000000000D-05-.4000000000000000D-05-.4000000000000000D-05
-.1600000000000000D-04-.4000000000000000D-050.1000000000000000D-05
0.1000000000000000D-05-.4000000000000000D-05-.4000000000000000D-05
-.1600000000000000D-04-.4000000000000000D-05-.4000000000000000D-05
0.1000000000000000D-050.1000000000000000D-05-.4000000000000000D-05
-.4000000000000000D-05-.1600000000000000D-04-.4000000000000000D-05
-.4000000000000000D-050.1000000000000000D-050.1000000000000000D-05
-.4000000000000000D-05-.1600000000000000D-04-.4000000000000000D-05
-.4000000000000000D-05-.4000000000000000D-050.1000000000000000D-05
0.1000000000000000D-05-.4000000000000000D-05-.1600000000000000D-04
-.4000000000000000D-05-.4000000000000000D-05-.4000000000000000D-05
0.1000000000000000D-050.1000000000000000D-05-.4000000000000000D-05
-.4000000000000000D-05-.4000000000000000D-05-.1600000000000000D-04
-.4000000000000000D-050.1000000000000000D-05-.4000000000000000D-05
-.4000000000000000D-05-.4000000000000000D-05-.1600000000000000D-04
-.4000000000000000D-050.1000000000000000D-050.1000000000000000D-05
-.4000000000000000D-05-.4000000000000000D-05-.1600000000000000D-04
-.4000000000000000D-05-.4000000000000000D-050.1000000000000000D-05
-.4000000000000000D-05-.4000000000000000D-05-.1600000000000000D-04
-.4000000000000000D-050.1000000000000000D-050.1000000000000000D-05
-.4000000000000000D-05-.1600000000000000D-04-.4000000000000000D-05
-.4000000000000000D-05-.4000000000000000D-050.1000000000000000D-05
-.4000000000000000D-05-.1600000000000000D-04-.4000000000000000D-05
-.4000000000000000D-050.1000000000000000D-05-.4000000000000000D-05
-.4000000000000000D-05-.8000000000000000D-050.1000000000000000D-05
-.4000000000000000D-05-.8000000000000000D-05-.4000000000000000D-05
0.1000000000000000D-050.1000000000000000D-05-.4000000000000000D-05
-.4000000000000000D-05-.1600000000000000D-04-.4000000000000000D-05
-.4000000000000000D-050.1000000000000000D-05-.4000000000000000D-05
-.1600000000000000D-04-.4000000000000000D-05-.4000000000000000D-05
0.1000000000000000D-050.1000000000000000D-05-.4000000000000000D-05
-.1600000000000000D-04-.4000000000000000D-05-.4000000000000000D-05
-.4000000000000000D-050.1000000000000000D-05-.4000000000000000D-05
-.1600000000000000D-04-.4000000000000000D-05-.4000000000000000D-05
0.1000000000000000D-050.1000000000000000D-05-.4000000000000000D-05
-.4000000000000000D-05-.4000000000000000D-05-.1600000000000000D-04
-.4000000000000000D-050.1000000000000000D-05-.4000000000000000D-05
-.4000000000000000D-05-.4000000000000000D-05-.1600000000000000D-04
-.4000000000000000D-050.1000000000000000D-050.1000000000000000D-05
-.4000000000000000D-05-.4000000000000000D-05-.1600000000000000D-04
-.4000000000000000D-05-.4000000000000000D-050.1000000000000000D-05
0.1000000000000000D-05-.4000000000000000D-05-.4000000000000000D-05
-.1600000000000000D-04-.4000000000000000D-05-.4000000000000000D-05
0.1000000000000000D-050.1000000000000000D-05-.4000000000000000D-05
-.1600000000000000D-04-.4000000000000000D-05-.4000000000000000D-05
-.4000000000000000D-050.1000000000000000D-050.1000000000000000D-05
-.4000000000000000D-05-.1600000000000000D-04-.4000000000000000D-05
-.4000000000000000D-05-.4000000000000000D-050.1000000000000000D-05
0.1000000000000000D-05-.4000000000000000D-05-.4000000000000000D-05
-.4000000000000000D-05-.1600000000000000D-04-.4000000000000000D-05
0.1000000000000000D-050.1000000000000000D-05-.4000000000000000D-05
-.4000000000000000D-05-.4000000000000000D-05-.1600000000000000D-04
-.4000000000000000D-050.1000000000000000D-050.1000000000000000D-05
-.4000000000000000D-05-.4000000000000000D-05-.1600000000000000D-04
-.4000000000000000D-05-.4000000000000000D-050.1000000000000000D-05
0.1000000000000000D-05-.4000000000000000D-05-.4000000000000000D-05
-.1600000000000000D-04-.4000000000000000D-05-.4000000000000000D-05
0.1000000000000000D-050.1000000000000000D-05-.4000000000000000D-05
-.1600000000000000D-04-.4000000000000000D-05-.4000000000000000D-05
-.4000000000000000D-050.1000000000000000D-050.1000000000000000D-05
-.4000000000000000D-05-.1600000000000000D-04-.4000000000000000D-05
-.4000000000000000D-05-.4000000000000000D-050.1000000000000000D-05
0.1000000000000000D-05-.4000000000000000D-05-.4000000000000000D-05
-.4000000000000000D-05-.1600000000000000D-04-.4000000000000000D-05
0.1000000000000000D-050.1000000000000000D-05-.4000000000000000D-05
-.4000000000000000D-05-.4000000000000000D-05-.1600000000000000D-04
-.4000000000000000D-050.1000000000000000D-050.1000000000000000D-05
-.4000000000000000D-05-.4000000000000000D-05-.1600000000000000D-04
-.4000000000000000D-05-.4000000000000000D-050.1000000000000000D-05
0.1000000000000000D-05-.4000000000000000D-05-.4000000000000000D-05
-.1600000000000000D-04-.4000000000000000D-05-.4000000000000000D-05
0.1000000000000000D-050.1000000000000000D-05-.4000000000000000D-05
-.1600000000000000D-04-.4000000000000000D-05-.4000000000000000D-05
-.4000000000000000D-050.1000000000000000D-050.1000000000000000D-05
-.4000000000000000D-05-.1600000000000000D-04-.4000000000000000D-05
-.4000000000000000D-05-.4000000000000000D-050.1000000000000000D-05
0.1000000000000000D-05-.4000000000000000D-05-.4000000000000000D-05
-.4000000000000000D-05-.1600000000000000D-04-.4000000000000000D-05
0.1000000000000000D-05-.4000000000000000D-05-.4000000000000000D-05
-.4000000000000000D-05-.1600000000000000D-04-.4000000000000000D-05
0.1000000000000000D-050.1000000000000000D-05-.4000000000000000D-05
-.4000000000000000D-05-.1600000000000000D-04-.4000000000000000D-05
-.4000000000000000D-050.1000000000000000D-05-.4000000000000000D-05
-.4000000000000000D-05-.1600000000000000D-04-.4000000000000000D-05
0.1000000000000000D-050.1000000000000000D-05-.4000000000000000D-05
-.1600000000000000D-04-.4000000000000000D-05-.4000000000000000D-05
-.4000000000000000D-050.1000000000000000D-05-.4000000000000000D-05
-.1600000000000000D-04-.4000000000000000D-05-.4000000000000000D-05
0.1000000000000000D-05-.4000000000000000D-05-.4000000000000000D-05
-.8000000000000000D-050.1000000000000000D-05-.4000000000000000D-05
-.8000000000000000D-05-.4000000000000000D-050.1000000000000000D-05
0.1000000000000000D-05-.4000000000000000D-05-.4000000000000000D-05
-.1600000000000000D-04-.4000000000000000D-05-.4000000000000000D-05
0.1000000000000000D-05-.4000000000000000D-05-.1600000000000000D-04
-.4000000000000000D-05-.4000000000000000D-050.1000000000000000D-05
0.1000000000000000D-05-.4000000000000000D-05-.1600000000000000D-04
-.4000000000000000D-05-.4000000000000000D-05-.4000000000000000D-05
0.1000000000000000D-05-.4000000000000000D-05-.1600000000000000D-04
-.4000000000000000D-05-.4000000000000000D-050.1000000000000000D-05
0.1000000000000000D-05-.4000000000000000D-05-.4000000000000000D-05
-.4000000000000000D-05-.1600000000000000D-04-.4000000000000000D-05
0.1000000000000000D-05-.4000000000000000D-05-.4000000000000000D-05
-.4000000000000000D-05-.1600000000000000D-04-.4000000000000000D-05
0.1000000000000000D-050.1000000000000000D-05-.4000000000000000D-05
-.4000000000000000D-05-.1600000000000000D-04-.4000000000000000D-05
-.4000000000000000D-050.1000000000000000D-050.1000000000000000D-05
-.4000000000000000D-05-.4000000000000000D-05-.1600000000000000D-04
-.4000000000000000D-05-.4000000000000000D-050.1000000000000000D-05
0.1000000000000000D-05-.4000000000000000D-05-.1600000000000000D-04
-.4000000000000000D-05-.4000000000000000D-05-.4000000000000000D-05
0.1000000000000000D-050.1000000000000000D-05-.4000000000000000D-05
-.1600000000000000D-04-.4000000000000000D-05-.4000000000000000D-05
-.4000000000000000D-050.1000000000000000D-050.1000000000000000D-05
-.4000000000000000D-05-.4000000000000000D-05-.4000000000000000D-05
-.1600000000000000D-04-.4000000000000000D-050.1000000000000000D-05
0.1000000000000000D-05-.4000000000000000D-05-.4000000000000000D-05
-.4000000000000000D-05-.1600000000000000D-04-.4000000000000000D-05
0.1000000000000000D-050.1000000000000000D-05-.4000000000000000D-05
-.4000000000000000D-05-.1600000000000000D-04-.4000000000000000D-05
-.4000000000000000D-050.1000000000000000D-050.1000000000000000D-05
-.4000000000000000D-05-.4000000000000000D-05-.1600000000000000D-04
-.4000000000000000D-05-.4000000000000000D-050.1000000000000000D-05
0.1000000000000000D-05-.4000000000000000D-05-.1600000000000000D-04
-.4000000000000000D-05-.4000000000000000D-05-.4000000000000000D-05
0.1000000000000000D-050.1000000000000000D-05-.4000000000000000D-05
-.1600000000000000D-04-.4000000000000000D-05-.4000000000000000D-05
-.4000000000000000D-050.1000000000000000D-050.1000000000000000D-05
-.4000000000000000D-05-.4000000000000000D-05-.4000000000000000D-05
-.1600000000000000D-04-.4000000000000000D-050.1000000000000000D-05
0.1000000000000000D-05-.4000000000000000D-05-.4000000000000000D-05
-.4000000000000000D-05-.1600000000000000D-04-.4000000000000000D-05
0.1000000000000000D-050.1000000000000000D-05-.4000000000000000D-05
-.4000000000000000D-05-.1600000000000000D-04-.4000000000000000D-05
-.4000000000000000D-050.1000000000000000D-050.1000000000000000D-05
-.4000000000000000D-05-.4000000000000000D-05-.1600000000000000D-04
-.4000000000000000D-05-.4000000000000000D-050.1000000000000000D-05
0.1000000000000000D-05-.4000000000000000D-05-.1600000000000000D-04
-.4000000000000000D-05-.4000000000000000D-05-.4000000000000000D-05
0.1000000000000000D-050.1000000000000000D-05-.4000000000000000D-05
-.1600000000000000D-04-.4000000000000000D-05-.4000000000000000D-05
-.4000000000000000D-050.1000000000000000D-050.1000000000000000D-05
-.4000000000000000D-05-.4000000000000000D-05-.4000000000000000D-05
-.1600000000000000D-04-.4000000000000000D-050.1000000000000000D-05
-.4000000000000000D-05-.4000000000000000D-05-.4000000000000000D-05
-.1600000000000000D-04-.4000000000000000D-050.1000000000000000D-05
0.1000000000000000D-05-.4000000000000000D-05-.4000000000000000D-05
-.1600000000000000D-04-.4000000000000000D-05-.4000000000000000D-05
0.1000000000000000D-05-.4000000000000000D-05-.4000000000000000D-05
-.1600000000000000D-04-.4000000000000000D-050.1000000000000000D-05
0.1000000000000000D-05-.4000000000000000D-05-.1600000000000000D-04
-.4000000000000000D-05-.4000000000000000D-05-.4000000000000000D-05
0.1000000000000000D-05-.4000000000000000D-05-.1600000000000000D-04
-.4000000000000000D-05-.4000000000000000D-050.1000000000000000D-05
-.4000000000000000D-05-.4000000000000000D-05-.8000000000000000D-05
0.1000000000000000D-05-.4000000000000000D-05-.8000000000000000D-05
-.4000000000000000D-050.1000000000000000D-050.1000000000000000D-05
-.4000000000000000D-05-.4000000000000000D-05-.1600000000000000D-04
-.4000000000000000D-05-.4000000000000000D-050.1000000000000000D-05
-.4000000000000000D-05-.1600000000000000D-04-.4000000000000000D-05
-.4000000000000000D-050.1000000000000000D-05-.4000000000000000D-05
-.1600000000000000D-04-.4000000000000000D-05-.4000000000000000D-05
-.4000000000000000D-050.1000000000000000D-05-.4000000000000000D-05
-.1600000000000000D-04-.4000000000000000D-05-.4000000000000000D-05
0.1000000000000000D-050.1000000000000000D-05-.4000000000000000D-05
-.4000000000000000D-05-.4000000000000000D-05-.1600000000000000D-04
-.4000000000000000D-050.1000000000000000D-05-.4000000000000000D-05
-.4000000000000000D-05-.4000000000000000D-05-.1600000000000000D-04
-.4000000000000000D-050.1000000000000000D-050.1000000000000000D-05
-.4000000000000000D-05-.4000000000000000D-05-.1600000000000000D-04
-.4000000000000000D-05-.4000000000000000D-050.1000000000000000D-05
0.1000000000000000D-05-.4000000000000000D-05-.4000000000000000D-05
-.1600000000000000D-04-.4000000000000000D-05-.4000000000000000D-05
0.1000000000000000D-05-.4000000000000000D-05-.1600000000000000D-04
-.4000000000000000D-05-.4000000000000000D-05-.4000000000000000D-05
0.1000000000000000D-050.1000000000000000D-05-.4000000000000000D-05
-.1600000000000000D-04-.4000000000000000D-05-.4000000000000000D-05
-.4000000000000000D-050.1000000000000000D-050.1000000000000000D-05
-.4000000000000000D-05-.4000000000000000D-05-.4000000000000000D-05
-.1600000000000000D-04-.4000000000000000D-050.1000000000000000D-05
0.1000000000000000D-05-.4000000000000000D-05-.4000000000000000D-05
-.4000000000000000D-05-.1600000000000000D-04-.4000000000000000D-05
0.1000000000000000D-050.1000000000000000D-05-.4000000000000000D-05
-.4000000000000000D-05-.1600000000000000D-04-.4000000000000000D-05
-.4000000000000000D-050.1000000000000000D-050.1000000000000000D-05
-.4000000000000000D-05-.4000000000000000D-05-.1600000000000000D-04
-.4000000000000000D-05-.4000000000000000D-050.1000000000000000D-05
-.4000000000000000D-05-.1600000000000000D-04-.4000000000000000D-05
-.4000000000000000D-05-.4000000000000000D-050.1000000000000000D-05
0.1000000000000000D-05-.4000000000000000D-05-.1600000000000000D-04
-.4000000000000000D-05-.4000000000000000D-05-.4000000000000000D-05
0.1000000000000000D-050.1000000000000000D-05-.4000000000000000D-05
-.4000000000000000D-05-.4000000000000000D-05-.1600000000000000D-04
-.4000000000000000D-050.1000000000000000D-050.1000000000000000D-05
-.4000000000000000D-05-.4000000000000000D-05-.4000000000000000D-05
-.1600000000000000D-04-.4000000000000000D-050.1000000000000000D-05
0.1000000000000000D-05-.4000000000000000D-05-.4000000000000000D-05
-.1600000000000000D-04-.4000000000000000D-05-.4000000000000000D-05
0.1000000000000000D-050.1000000000000000D-05-.4000000000000000D-05
-.4000000000000000D-05-.1600000000000000D-04-.4000000000000000D-05
-.4000000000000000D-050.1000000000000000D-05-.4000000000000000D-05
-.1600000000000000D-04-.4000000000000000D-05-.4000000000000000D-05
-.4000000000000000D-050.1000000000000000D-050.1000000000000000D-05
-.4000000000000000D-05-.1600000000000000D-04-.4000000000000000D-05
-.4000000000000000D-05-.4000000000000000D-050.1000000000000000D-05
0.1000000000000000D-05-.4000000000000000D-05-.4000000000000000D-05
-.4000000000000000D-05-.1600000000000000D-04-.4000000000000000D-05
0.1000000000000000D-05-.4000000000000000D-05-.4000000000000000D-05
-.4000000000000000D-05-.1600000000000000D-04-.4000000000000000D-05
0.1000000000000000D-050.1000000000000000D-05-.4000000000000000D-05
-.4000000000000000D-05-.1600000000000000D-04-.4000000000000000D-05
-.4000000000000000D-050.1000000000000000D-05-.4000000000000000D-05
-.4000000000000000D-05-.1600000000000000D-04-.4000000000000000D-05
0.1000000000000000D-05-.4000000000000000D-05-.1600000000000000D-04
-.4000000000000000D-05-.4000000000000000D-05-.4000000000000000D-05
0.1000000000000000D-05-.4000000000000000D-05-.1600000000000000D-04
-.4000000000000000D-05-.4000000000000000D-050.1000000000000000D-05
-.4000000000000000D-05-.4000000000000000D-05-.8000000000000000D-05
0.1000000000000000D-05-.4000000000000000D-05-.8000000000000000D-05
-.4000000000000000D-050.1000000000000000D-05-.4000000000000000D-05
-.4000000000000000D-05-.1600000000000000D-04-.4000000000000000D-05
0.1000000000000000D-05-.4000000000000000D-05-.1600000000000000D-04
-.4000000000000000D-05-.4000000000000000D-050.1000000000000000D-05
-.4000000000000000D-05-.8000000000000000D-05-.4000000000000000D-05
0.1000000000000000D-05-.4000000000000000D-05-.4000000000000000D-05
-.1600000000000000D-04-.4000000000000000D-050.1000000000000000D-05
-.4000000000000000D-05-.4000000000000000D-05-.4000000000000000D-05
-.1600000000000000D-04-.4000000000000000D-050.1000000000000000D-05
-.4000000000000000D-05-.4000000000000000D-05-.1600000000000000D-04
-.4000000000000000D-050.1000000000000000D-050.1000000000000000D-05
-.4000000000000000D-05-.4000000000000000D-05-.1600000000000000D-04
-.4000000000000000D-05-.4000000000000000D-050.1000000000000000D-05
-.4000000000000000D-05-.8000000000000000D-05-.4000000000000000D-05
0.1000000000000000D-05-.4000000000000000D-05-.4000000000000000D-05
-.1600000000000000D-04-.4000000000000000D-050.1000000000000000D-05
0.1000000000000000D-05-.4000000000000000D-05-.4000000000000000D-05
-.4000000000000000D-05-.1600000000000000D-04-.4000000000000000D-05
0.1000000000000000D-05-.4000000000000000D-05-.4000000000000000D-05
-.1600000000000000D-04-.4000000000000000D-050.1000000000000000D-05
0.1000000000000000D-05-.4000000000000000D-05-.4000000000000000D-05
-.1600000000000000D-04-.4000000000000000D-05-.4000000000000000D-05
0.1000000000000000D-05-.4000000000000000D-05-.8000000000000000D-05
-.4000000000000000D-050.1000000000000000D-05-.4000000000000000D-05
-.4000000000000000D-05-.1600000000000000D-04-.4000000000000000D-05
0.1000000000000000D-050.1000000000000000D-05-.4000000000000000D-05
-.4000000000000000D-05-.4000000000000000D-05-.1600000000000000D-04
-.4000000000000000D-050.1000000000000000D-05-.4000000000000000D-05
-.4000000000000000D-05-.1600000000000000D-04-.4000000000000000D-05
0.1000000000000000D-050.1000000000000000D-05-.4000000000000000D-05
-.4000000000000000D-05-.1600000000000000D-04-.4000000000000000D-05
-.4000000000000000D-050.1000000000000000D-05-.4000000000000000D-05
-.8000000000000000D-05-.4000000000000000D-050.1000000000000000D-05
-.4000000000000000D-05-.4000000000000000D-05-.1600000000000000D-04
-.4000000000000000D-050.1000000000000000D-05-.4000000000000000D-05
-.4000000000000000D-05-.4000000000000000D-05-.1600000000000000D-04
-.4000000000000000D-050.1000000000000000D-05-.4000000000000000D-05
-.4000000000000000D-05-.1600000000000000D-04-.4000000000000000D-05
0.1000000000000000D-05-.4000000000000000D-05-.4000000000000000D-05
-.1600000000000000D-04-.4000000000000000D-05-.4000000000000000D-05
-.8000000000000000D-05-.4000000000000000D-05-.8000000000000000D-05
