1UNSYMMETRIC BASIS FROM LP PROBLEM BP                                   BP   200
           936            64           238           634             0          
RUA                      822           822          3802             0          
(13I6)          (16I5)          (1P6E13.5)                                      
     1     2     3     4    16    17    18    19    20    21    22    23    24  
    25    31    32    45    52    58    59    67    75    89    90    91    92  
    93    94   102   103   104   105   106   107   109   110   111   112   113  
   114   115   116   117   121   122   123   129   130   131   138   151   152  
   153   154   155   156   157   158   159   160   176   177   178   185   192  
   193   194   195   196   197   198   199   200   201   202   203   223   224  
   225   226   227   231   232   233   234   235   236   237   238   239   240  
   256   257   266   267   268   269   270   271   281   282   288   289   290  
   291   292   293   300   301   302   303   304   305   306   314   315   316  
   317   318   319   320   323   329   330   331   338   339   340   347   348  
   349   350   351   352   358   359   368   369   370   371   372   373   374  
   375   376   377   378   379   380   381   382   383   385   386   387   399  
   400   401   402   409   410   418   419   420   421   422   423   431   432  
   433   442   443   444   445   446   447   449   450   451   452   453   454  
   455   456   457   458   459   460   461   462   465   466   467   468   469  
   470   471   472   473   474   475   476   477   478   479   480   481   482  
   489   490   491   492   500   501   502   503   504   505   506   507   515  
   517   525   526   527   528   535   542   543   544   545   546   547   548  
   549   550   551   552   560   568   569   576   578   579   580   581   582  
   583   584   585   586   587   588   589   590   598   599   600   601   602  
   603   612   613   627   636   648   649   650   651   652   656   657   658  
   659   666   667   668   669   670   671   672   673   674   675   682   689  
   696   706   707   708   709   710   711   712   713   714   715   716   717  
   718   719   720   721   727   728   729   730   732   734   736   738   754  
   755   757   759   762   765   768   771   774   780   783   786   789   792  
   795   798   801   804   807   810   813   816   819   822   825   828   831  
   834   837   840   843   846   849   851   855   857   861   865   869   873  
   875   878   883   887   891   895   899   907   915   923   928   934   943  
   949   958   964   970   979   988   997  1006  1008  1014  1027  1035  1043  
  1051  1060  1066  1072  1078  1087  1095  1102  1111  1121  1129  1133  1137  
  1143  1146  1150  1156  1159  1162  1164  1166  1172  1174  1176  1184  1197  
  1201  1202  1216  1218  1220  1222  1225  1228  1235  1238  1240  1242  1244  
  1246  1248  1250  1252  1259  1267  1269  1270  1282  1289  1302  1315  1317  
  1321  1325  1331  1337  1339  1341  1345  1347  1349  1356  1362  1364  1372  
  1375  1378  1385  1391  1398  1405  1411  1418  1428  1435  1442  1445  1460  
  1467  1473  1480  1486  1488  1492  1494  1496  1498  1502  1504  1508  1512  
  1516  1521  1528  1533  1538  1545  1549  1561  1568  1575  1582  1589  1596  
  1604  1611  1617  1623  1630  1637  1645  1652  1659  1666  1672  1677  1682  
  1687  1692  1698  1705  1709  1714  1718  1724  1727  1729  1732  1734  1737  
  1744  1746  1749  1763  1765  1770  1776  1781  1785  1790  1795  1799  1804  
  1809  1816  1824  1832  1839  1849  1859  1866  1872  1876  1881  1886  1892  
  1898  1902  1906  1912  1918  1923  1927  1932  1936  1940  1945  1952  1958  
  1962  1968  1974  1980  1986  1997  2003  2006  2013  2018  2023  2027  2035  
  2040  2045  2046  2052  2057  2069  2079  2090  2095  2107  2111  2116  2121  
  2126  2131  2135  2141  2150  2154  2159  2164  2168  2173  2178  2185  2191  
  2198  2201  2209  2212  2216  2220  2224  2229  2234  2238  2242  2246  2250  
  2255  2259  2264  2269  2273  2281  2287  2294  2301  2305  2309  2313  2318  
  2322  2328  2337  2345  2352  2357  2361  2366  2371  2378  2386  2394  2402  
  2417  2428  2440  2451  2461  2471  2487  2491  2494  2513  2523  2527  2531  
  2539  2546  2553  2560  2567  2574  2581  2596  2598  2600  2607  2615  2619  
  2623  2636  2641  2646  2654  2668  2672  2674  2680  2683  2687  2694  2698  
  2702  2711  2720  2733  2738  2742  2747  2755  2761  2766  2772  2780  2788  
  2796  2804  2812  2820  2828  2836  2843  2850  2852  2858  2865  2872  2879  
  2888  2896  2905  2908  2920  2922  2929  2937  2945  2952  2957  2964  2971  
  2987  3003  3006  3012  3017  3021  3023  3029  3033  3035  3044  3054  3062  
  3071  3078  3085  3089  3100  3112  3114  3118  3138  3140  3147  3154  3156  
  3160  3167  3174  3178  3183  3190  3197  3213  3220  3227  3235  3256  3263  
  3270  3277  3284  3291  3298  3305  3312  3319  3326  3333  3340  3347  3354  
  3361  3368  3375  3382  3389  3396  3403  3410  3417  3424  3429  3435  3437  
  3439  3448  3450  3453  3456  3467  3478  3480  3482  3493  3497  3505  3514  
  3522  3530  3537  3545  3552  3559  3566  3573  3580  3587  3594  3598  3603  
  3609  3615  3620  3624  3628  3636  3643  3658  3664  3666  3668  3671  3674  
  3677  3680  3691  3696  3698  3708  3722  3734  3750  3765  3778  3784  3785  
  3792  3797  3802  3803                                                        
    1   26   72    1   25  510  672  676  677  679  680  690  742  759  780   92
   93   94   95   97   98   99  100  101    1  325  353  354  356  789  103    1
   43   47   57   70   71   74   93  101  102  103  104  105    1   33   87  325
  353  355  356  418  453  502  503  504  520  107    1   65   75  106  107  108
  109  110    1   70   75  106  107  108  109  110    1   43   44   47   56   70
   71   75   93  106  107  108  109  110  111  112  113  114  115    1  429  471
  472  473  474  475  505  117  118  119  120  121   70   71  123  124  125  126
  127  128  129  130  705  733  734  750  132  133   52   86  134  135  136  137
  135  136  312  332  358  359  360  361  362    1   37   40   42   43   44   47
   48   50   70   71   91   92  213  230  231  232  233  234  235  236  237    1
  150  151  170  188  189  190  193  194  221  235  267  268  269  270  271  240
  241    1  189  198  242  243  244  245    1  159  198  242  243  244  245  245
  246  248   31  250  251  252  253  254  255  256   23  143  145  149  151  155
  158  160  162  165  169  171  178  193  194  231  232  277  279  781  258  259
  260  261    1  187  188  195  263  264  265  266  267  268  269  270  271    1
  150  151  177  188  189  191  193  194  221  235  267  268  269  270  271  273
  164  213  220  261  262  263  264  265  266  275  276  277  278  279  221  224
  226  267  268  271  280  281  282  284  281  190  226  280  281  282  284  283
  284  296  334  335  180  221  267  268  269  270  271  337  338  339  340  341
  342    1   33   86  325  353  354  355  356  344  345  346  347  348  349  322
  324  350  307  322  349  350  351  352  352  353  314  325  353  354  355  356
  357  355  356  306  325  353  354  355  356  357  358  359  360  361  357    1
   25   28  285  319  364  365    1  382  431  476  477  478  479  480  506  461
  462  463  464  465  466  467  468  469  470  472  473  474  475  477  675  676
  479  480    1  375  376  380  384  435  437  464  505  506  521  522  483  484
  485  390  457  523  524  525  526  527  487    1   13   25   31  598  627  628
  629  489  490  491  492  493    1  671  692  713  718  719  720  753  495  496
  416  418  445  470  495  496  497  506  521  498  499  500  501  502  149  150
  504  507  508  509  510  511  512  513  514  515  516  518  519  701  702  722
  523  524  525  526  527  534  539  583  586  596  612  613  614  615  616  617
  618  557  607  648  649  650  651  652  621  622  624    1  577  578  591  623
  624  625  626  626  627  628  629  630  631  632  548  556  600  632  633  634
  635  636  552  554  545  600  632  633  634  635  636  637  636  637  638  578
  602  638  639  640  641  642  557  602  638  639  640  641  642  641  642  643
  644  645  646  647  648  649  650  546  547  607  648  649  650  651  652  547
  600  632  633  634  635  636  637  653  558  609  653  654  655  656  657  581
  582  656  657  693  698  710  711  712  713  714  716  717  719    1  668  692
  713  718  719  720  753  721  722  723  724  725  682  704  726  727  728  729
  730  731  742  727  672  676  690  693  700  704  712  726  727  728  729  730
  731  742  680  704  726  727  728  729  730  731  742  660  666  667  668  670
  673  676  679  680  685  690  710  726  732  733  734    1  676  684  792  736
  737  738  682  707  737  738  739  740  741  740  741  742  743  752  753  758
  759  760  683  703  760  761  762  763  764  676  703  760  761  762  763  764
  672  703  760  761  762  763  764    1   25  703  743  760  761  762  763  764
  811  765  781  782  783  784  785  786  787  788  802  812  814  815  816  818
  185  225  272  273  274  275  820  821  822    1   27    1   28    1   29    1
   30  145  147  151  154  157  161  163  168  169  178  185  193  194  231  232
  279   32    1   25    1  817    1   36  812    1  373  812    1  664  812    1
   37  814    1  144  814   86   87  134  135  136  137    1  532  814    1  663
  814    1  146  815    1  371  815    1  535  815    1   38  817    1  143  817
    1  293  817    1  366  817    1  529  817    1  658  817    1  145  818    1
  374  818    1  533  818    1  147  819    1  372  819    1  531  819    1  536
  820    1  665  820    1   35  821    1  662  821    1  148  822    1  370  822
    1  377    1   25   27  425    1   74    1   25   27  432    1   25   27  434
    1   25   29  440    1   25   30  441    1   79    1   25  780    1   25   31
  443  487    1   25   31  447    1   25   32  451    1   25   32  454    1   25
   32  227    1   25  100  302  333  337  364  671    1   70   74  101  102  103
  104  105   66   81  123  124  125  126  128  129   75  106  109  110  139   44
   79  113  115  118  120   44   81  123  124  125  126  127  128  129   45   79
  113  115  118  120   47   81  123  124  125  126  127  128  129   47   84  130
  131  132  133   47   86  134  135  136  137   48   81  123  124  125  126  127
  128  129   49   81  123  124  125  126  127  128  129   50   81  123  124  125
  126  127  128  129   51   81  123  124  125  126  127  128  129   67   71   53
   86  134  135  136  137    1   54   58   59   67   70   71   86   90  134  135
  136  137    1   55   58   59   63   67   71   94    1   56   75  106  107  108
  109  110    1   57   74  101  102  103  104  105   58   81  123  124  125  126
  127  128  129   60   84  130  131  132  133   61   86  134  135  136  137   62
   84  130  131  132  133   59   63   71   86   94  134  135  136  137    1   64
   74  101  102  103  104  105  403  446  490  491  492  493  494    1   65   66
   74  101  102  103  104  105    1   66   71   79   97  113  115  118  120  122
   66   77  112  114  116  117  119  121    1   33  139  320    1   79   80  122
   81   82  123  127  128  129   80   82   83   47   50   52   89   86   88  134
  135  136  137   47   52   85   40   47   85   42   44   45   46   59   86  134
  135  136  137   60   73   41   73    1   40   41   58   59   67   71   94    1
   39   43   45   46   47   49   51   53   70   71   91   92   74  104  105  138
  819  148  149  151  154  156  161  163  166  175  193  194  231  232  279    1
  150    1  152  150  194  150  151  152    1  238  241    1  188  198  242  243
  244  245  143  193  279  161  193  163  193  193  214  297  340  297  299  297
  300  304  305    1  300  318  345  346  347  348    1  301  316  338  341  342
  343  344  301  319  102    1  297  299  300  302  318  333  338  345  346  347
  348  313  325  353  354  355  356  357    1  297  299  300  302  304  318  333
  338  345  346  347  348    1  297  299  300  303  305  316  333  338  341  342
  343  344  325  333  316  317  341  342  318  320  345  346  325  326  353  354
  355  356  325  327  353  354  355  356  366  506  369  506    1  377  462  522
  376  522  376  378  403  443  485  486  487  488  489  403  445  470  495  496
  497  505  506    1   25   43   44   98  100  140  798    1  476  480    1  481
  484  550  600  632  633  634  635  636  408  446  490  491  493  494  393  443
  485  486  487  488  489  391  443  485  486  487  488  489  394  443  486  487
  488  489  395  443  485  486  487  488  489  395  443  470  485  486  487  488
  489  506  521  396  443  485  486  487  488  489  397  443  485  486  487  488
  489  543  594  781    1  375  376  385  429  464  465  471  472  473  474  475
  506  521  522  416  446  490  491  492  493  494  389  453  502  503  504  520
  407  443  485  486  487  488  489  446  448  490  491  492  493  390  506    1
   25  438  594  453  506  382  506  441  442  389  393  441  506  391  392  431
  432  476  512  433  434  481  512  453  456  503  504  404  445  495  496  497
  406  443  485  486  487  488  489  417  445  495  496  497  389  394  405  408
  444    1   14   25   31  214  256  260  390  517  518  519  446  450  490  491
  492  493  498  499  500  501  508  516  409  457  523  524  525  526  527  410
  457  523  524  525  526  527  413  457  523  524  525  526  527  388  457  523
  524  525  526  527  386  457  523  524  525  526  527  387  450  498  499  500
  501  508  516  412  457  523  524  525  526  527  411  453  502  503  504  520
  414  453  502  503  504  520  420  457  523  524  525  526  527  423  450  498
  500  501  508  516  422  450  498  499  500  501  508  516  421  450  498  499
  500  508  516  427  457  523  524  525  526  527  428  457  523  524  525  526
  527  424  453  502  503  504  520  398  420  506  507  521  399  423  506  507
  521  400  422  506  507  521  401  421  506  507  521  419  453  502  503  504
  520  402  457  523  524  525  526  527  452  453  503  504  453  455  502  504
  520  457  459  525  526  457  458  523  524  525  526    1  538  539    1  540
    1  539  541  537  540    1  619  620    1  584  591  623  624  625  626  667
  714    1  715  752    1   43   45   47   56   70   71   74   93  101  102  103
  104  105    1  798    1   25   28  594  799    1   25   27  425  510  803    1
   25   27  425  774    1   25  197  432    1   25   27  197  746    1   25  432
  510  590    1   25  199  434    1   25   27  199  745    1   25  434  510  592
    1   25   27  433  481  510  807    1   25  692  718  719  720  753  807    1
    8   25   27  433  481  484  512    1    8   25   27  591  623  624    1    8
   25  510  691  692  716  717  719  720    1    7   25  510  691  692  716  717
  719  720    1   25   27  433  481  510  806    1   64   65   69   70   95    1
   25  201  594    1   25   28  201  694    1   25   28  201  766    1   25   28
   57  140  285  175  225  272  273  274  275    1   25  285  439    1   25  285
  593    1   25   28  285  669  713    1   25   28   57  140  289    1   25   28
  695  798    1   25  206  440    1   25   29  206  700    1   25  206  290    1
   25  290  597    1   10   25   29  206    1   25   30   76  140  442  510    1
   25  207  276  442  510    1   25  442  595    1   25   30  442  510  699    1
   25   30  442  510  808    1   25   30  207  276  747    1    9   25   30  207
  276    1   12   25   77  112  114  116  119  121  140  510    1   12   25   31
  210  252  379  438  781    1   12   25  510  701  721  724    1   12   25  510
  767    1   12   25   31  777    1   33   79  321    1   25   31  214  256  257
  260  748    1   25  701  742  800    1   25  701  742  809  633    1   14   25
   31  600  634    1   14   25  510  768    1  375  376  378  381  382  407  409
  418  469  506  522    1   11   25   77  112  114  119  121  140  510    1   25
   31  214  255  256  257  258  259  260  778    1   13   25   31  444    1   25
   31  307  364  446  490  491  492  493  494  510    1   25  291  601    1   25
   31  291  702    1   25  212  448  510    1   25   81  800  801    1   25   81
  809  810    1   33   83  324    1   25   32  409  510  769    1   25   81  123
  124  127  128  129  704    1   25  793  800    1   15   25   31  447    1   15
   25   31  604    1   25  323  704    1   16   25   31  447    1   16   25   31
  603    1   86  134  135  136  137  789    1  705  733  734  736  789    1   84
  130  131  132  133  790    1  330  790    1  703  760  761  762  763  764  790
    1  790  811    1   25  219  451    1   25  219  606    1   25  224  455    1
   25   32  224  708    1   25   32  224  770    1   25  224  286    1   25  224
  292    1   25  292  611    1   25  707  770    1   25   32  455  794    1   25
  705  795    1   19   25   32  459    1   18   25   32  219    1   25  749  810
    1   33   85  332  358  359  360  361    1   25  454  502  520  610    1   25
   32  610  706  733  734    1    3   25   32  454  502  520    1   25   89  797
    1   25  328  797    1   25  223  454    1   25   32  223  771    1   25  223
  287    1   25  743  750  800  801    1    4   25   32  453  502  503  504  520
    1    4   25   32  607  648  649  650    1   25  457  523  525  526  779    1
   84  132  133  791    1   25  222  452    1   25  452  510  609    1    5   25
   32  453    1   86  134  135  136  137  792    1   25   43   57   98  100  140
  671    1   25  100  303  333  337  364  670    1   25   28  385  506  509  510
  671  365  370  375  376  377  379  384  387  389  394  405  409  506  513  521
    1   25   27  431  476  477  478  479  480  510  756    1   25   27  431  476
  477  478  479  480  510  756  757    1   25   27  431  476  477  478  479  480
  510  805    1   25  431  476  477  478  479  480  510  585    1   25  431  476
  477  478  479  480  510  584  294  297  299  300  301  303  305  306  308  310
  312  333  334  335  336  337    1   33   48  308    1  295  814  365  373  375
  376  377  379  385  389  392  396  402  409  415  418  423  449  467  506  521
    1   25   31  221  267  268  269  270  271  800    1   33   50  310    1   33
   51  309  389  393  446  490  491  492  493  494    1   25   32  453  510  520
  772    1   25   32  453  510  520  773   24  221  267  268  269  270  271   21
  221  267  268  269  270  271   22  221  267  268  269  270  271   23  221  267
  268  269  270  271    1  150  151  178  188  189  190  193  194  221  235  267
  268  269  271  179  193   19   20    1  142  201  207  214  224  816    1  528
  594  595  596  600  609  816    1  367  798  817    1  659  798  817    1   34
   42   43   44   47   48   50   52   70   71   91   92    1   46   47   49   78
    1   64   68   70   95    1   56   74  101  102  103  104  105    1   53   58
   59   61   67   70   71   86   90  134  135  136  137  154  155  277  781  153
  154    1   25   27  198  242  807  153  200  781  153  158  200  781    1  181
  198  242  243  244  245  153  156  200  781  153  157  200  781    1  157  193
  198  237  242  243  244  245    1  150  151  153  156  182  193  194  234    1
  150  151  154  158  193  194  196  234  238  239  240  241  160  202  246  247
  248  161  163  193  203  156  160  161  162  207  160  162  226  280  281  282
  283  284  162  225  272  273  274  275  163  193  206  208  236  161  163  193
  203  204  236  164  210  249  250  251  252  253  254  165  214  255  256  257
  258  259  260  166  210  249  250  251  252  253  254  167  210  249  250  251
  252  253  254  168  210  249  250  251  252  253  254  169  210  249  250  251
  252  253  254  170  214  255  256  257  258  259  260  171  214  255  256  257
  258  259  260  183  221  267  268  269  270  271  184  221  267  268  269  270
  271  185  228  176  225  272  273  274  275  172  221  267  268  269  270  271
  173  221  267  268  269  270  271  174  221  267  268  269  270  271  175  213
  220  261  262  263  264  265  266  415  445  470  495  496  497  506  521  180
  213  220  261  262  263  264  265  266  225  227  228    1  297  299  300  303
  316  333  338  341  342  343  344  186  193    1  189  196  238  239  240  241
  190  210  249  250  251  252  253  254  191  210  249  250  251  252  253  254
    1  196  229  238  239  240  241  214  215  257  258  260  214  216  255  256
  257  258  260  160  161  162  163  164  170  209  293  297  299  300  301  302
  304  306  307  309  311  333  334  335  336  337  295  297  299  300  301  303
  305  306  308  310  313  333  334  335  336  337  297  298  299  306  322  349
  350  351  352  311  314  315  333  339    1   33   74  317  315  363  329  332
  358  359  360  361  306  321  331  332  375  376    1  376  429  471  472  473
  474  475  506    1  379  429  460  471  472  473  474  475  506    1  380  429
  471  472  473  474  475    1  381  429  471  472  473  474  475  506    1  379
  383  425  460  505  506    1  379  383  426  460  505  506    1   25  182  436
    1  375  376  380  385  435  464  505  506  521  522    1  375  376  380  385
  435  437  464  505  506  521  522  506  521  429  430  471  512  365  368  375
  376  377  379  384  386  389  391  396  409  416  418  422  468  506  513  514
  521  537  582    1  541  589  619  620  621  622    1  543  589  619  620  621
  622  542  543  544  582  583  586  556  600  632  633  634  635  636  545  602
  638  639  640  641  642  545  546  594  781  545  546  547  595  596  547  605
  643  644  645  646  647  548  598  627  628  629  630  631  530  537  540  541
  543  544  545  546  547  550  557  561  582  613  614  615  552  598  627  628
  629  630  631  555  598  627  628  629  630  631  548  556  605  643  644  645
  646  647  365  374  375  376  377  379  384  389  393  404  409  414  417  419
  424  467  506  513  514  515  521  558  607  648  649  650  651  652  566  607
  648  649  650  651  652  559  607  648  649  650  651  652  560  607  648  649
  650  651  652  562  607  648  649  650  651  652  561  607  648  649  650  651
  652  563  609  653  654  655  656  657  564  607  648  649  650  651  652  565
  607  648  649  650  651  652  567  607  648  649  650  651  652  574  609  653
  654  655  656  657  570  605  643  644  645  646  647  573  607  648  649  650
  651  652  571  605  643  644  645  646  647  572  607  648  649  650  651  652
  575  607  648  649  650  651  652  546  547  556  607  608  650  652    1  576
  589  619  620  621  622    1  577  589  619  620  621  622  578  598  627  628
  629  630  631  579  598  627  628  629  630  631  580  609  653  654  655  656
  657  581  609  653  654  655  656  657    1  587  589  619  620  621  622    1
  576  584  587  588  547  550  553  557  558  599  548  549  667  690    1   25
  433  481  482  483  484  510  584  668  669  668  671  696  671  672  696    1
  666  667  668  670  672  690  711  713  754  758    1  666  667  668  670  672
  690  711  713  755  758  672  674  672  673    1  666  667  668  671  674  676
  690  711  757  758  674  675  693  699  677  701  721  722  723  724  725  742
  679  704  726  727  728  729  730  731  742  681  701  721  722  723  724  725
  742  678  701  721  722  723  724  725  742  680  705  732  733  734  735  736
  682  701  721  722  723  724  725  742  684  705  732  733  734  735  736  685
  705  732  733  734  735  736  686  705  732  733  734  735  736  687  705  732
  733  734  735  736  688  703  760  761  762  763  764  689  705  732  733  734
  735  736  683  705  732  733  734  735  736  676  677  684  709    1   25  692
  718  744  705  732  733  734  736  751  803  804  805  806  807  810    1   25
   27  426  775    1   25  195  430    1   25  195  288    1    6   25   27  429
  471  475  512    1   17   18   25   32  450  501  141  149  151  153  156  160
  162  164  170  172  193  194  231  232  279  160  162  163  167  171  211  568
  582  569  582    1   34  813    1  294  813    1  530  813    1  660  813    1
   59   64   65   66   67   68   69   70   95   96  160  161  162  164  205  190
  192    1  150  151  154  158  186  187  193  194  234  173  177  179  180  191
  193  217  221  233  267  268  269  270  271  162  175  177  178  193  218  221
  267  268  269  270  271  536  537  540  541  542  544  545  546  547  551  557
  564  582  613  614  615  535  537  541  542  544  545  546  547  553  558  567
  582  613  614  615  661  666  667  669  671  674  675  676  677  678  686  690
  710  672  675  677  693  697  698  202  153  193  202  237  246  247  248    1
   25   28  202  776    1   25   28  202  796    2                              
  1.00000E+00  1.00000E+00  1.00000E+00  1.21700E+00  1.90400E+00  2.50000E-01  
 -1.30000E-01 -2.00000E-01  2.00000E-01 -9.80000E-01  1.10000E-01 -2.20000E-02  
  1.00000E+00  5.00000E-01  1.00000E+00  1.00000E+00  1.00000E+00  1.00000E+00  
  1.00000E+00  1.00000E+00  1.00000E+00  1.00000E+00  1.00000E+00  1.00000E+00  
  3.00150E+00 -1.00000E+00  1.04000E+00  1.14000E+00  1.80000E+01  1.00000E+00  
  1.00000E+00  1.00100E-01 -1.00000E+00  2.00000E-02  4.46000E-01  1.53000E-01  
 -7.39999E-02  3.81000E-01  8.01000E-01  2.40000E-01 -1.53000E-01  7.32000E+00  
 -4.00000E+00 -2.24000E+00  1.18760E+00  1.00000E+00  1.00000E+00 -1.00000E+00  
  1.27000E+00  6.00000E+00  1.00000E+01 -1.00000E+00  1.00000E+00 -9.23000E+00  
  4.30000E+01 -1.60000E+01  8.56000E+00  1.00000E+00  3.48000E-02 -1.00000E+00  
  1.00000E+00 -1.72100E+01 -5.16000E-01  9.08999E+01 -3.28000E+01 -9.93800E+00  
  4.95000E-02 -1.00000E+00  1.00000E+00 -1.89600E+01 -7.34000E-01 -1.55160E+02  
  2.18260E+02  9.55100E+01  6.50000E-02 -7.45000E-01 -2.55000E-01  2.00000E-02  
  8.29999E-02  6.89999E-02 -8.80000E-02  8.28000E-01  1.06800E+00 -8.80000E-01  
 -4.70000E-01  8.83200E+00 -2.02000E+01 -5.07800E+00  1.00000E+00  1.00000E+00  
  1.00000E+00  1.00000E+00  1.00000E+00  3.08000E-01  1.00000E+00  1.39660E+01  
 -3.35190E+01  7.06000E+00 -6.98000E+00 -4.69000E-01 -1.00000E+00  1.00000E+00  
  1.00000E+00  1.00000E+00  1.00000E+00  1.00000E+00 -1.00000E+00  1.17500E+00  
  1.00000E+00  1.00000E+00  1.00000E+00  1.00000E+00  1.00000E+00  1.00000E+00  
  1.00000E+00  1.00000E+00 -1.00000E+00  7.40000E-01 -7.80000E-01  1.00000E+00  
  1.00000E+00  1.00000E+00 -1.00000E+00  1.00000E+00  3.44000E+00 -4.25000E+00  
 -8.00000E+00  2.40000E+01  1.00000E+00  1.00000E+00 -1.00000E+00  1.00000E+00  
  5.21000E+00 -7.97000E+00  6.00000E+00  1.30000E+01 -8.00000E-01  1.14000E-02  
  1.01150E+00  5.33000E-01  3.70000E-02  1.47000E-01  3.70000E-02  8.00000E-02  
  7.39999E-02  7.30000E-02  1.90000E-02 -2.23000E-02  1.00000E+00  1.00000E+00  
  1.00000E+00  1.00000E+00  1.00000E+00  1.00000E+00  1.00000E+00  1.00000E+00  
  1.00000E+00  1.00000E+00  1.00000E+00  9.50000E-02  2.80000E-02  8.00000E-02  
 -1.00000E+00  1.26000E-01  1.55000E-01  4.05000E-01 -5.10000E-02  8.70000E-02  
  5.80000E-02  1.46700E+00 -1.26900E+00  1.20000E+00  3.20000E+00 -1.64000E-01  
 -1.28800E+00  1.00000E+00  1.00000E+00  8.29999E-02 -1.00000E+00  1.00000E+00  
 -1.51250E+01  5.25000E+01 -3.75000E+01 -5.60000E-01  8.70000E-02 -1.00000E+00  
  9.90000E-01  1.40500E+01  2.37000E+01 -3.11000E+01 -5.88000E-01  1.00000E+00  
  1.00000E+00  1.00000E+00 -1.00000E+00  1.00000E+00  1.00000E+00  1.00000E+00  
  1.00000E+00  1.00000E+00  1.00000E+00  1.00000E+00  5.53000E-01  7.07000E-01  
  3.03000E-01  3.00000E-03  1.00000E-02  8.00000E-02  5.90000E-02  3.90000E-02  
  1.08000E-01  5.80000E-02  4.10000E-02  2.00000E-02  2.60000E-02 -2.40000E-02  
  3.00000E-03  1.00000E+00  1.00000E+00  8.00000E-02  1.00500E+00 -8.00000E-02  
  1.00000E+00  1.00000E+00  1.00000E+00  1.00000E+00  3.56000E-01 -5.00000E-01  
 -5.05000E-01  1.00000E+00  1.00000E+00  1.00000E+00  1.00000E+00  1.00000E+00  
  1.00000E+00  1.00000E+00  1.00000E+00  1.00000E+00  1.00000E+00  9.50000E-02  
  3.60000E-02  7.50000E-02 -1.00000E+00  1.36000E-01  1.67000E-01  3.36000E-01  
 -5.10000E-02  1.06000E-01  7.70000E-02  1.10000E+00 -1.68400E+00  1.59000E+00  
  4.30000E+00 -2.18000E-01 -1.80000E+00  1.00000E+00 -1.00000E+00  1.00000E+00  
  1.00000E+00 -1.49000E+01  1.34000E+01 -2.60000E+01 -4.41000E+00 -2.50000E+01  
 -2.20000E+01  1.00000E+00  1.00000E+00  1.00000E+00  1.00000E+00  1.00000E+00  
 -3.44000E-01  1.00000E+00 -6.56000E-01  4.00000E-01  1.40000E-01  2.58000E+00  
  2.22000E+00 -2.04000E+00  6.56000E+00 -4.92000E+00  1.00000E+00 -1.00000E+00  
  1.00000E+00 -1.75200E+01  1.57700E+01 -5.40000E+01 -1.50000E+01  1.00000E+00  
  1.00000E+00  1.00000E+00  1.00000E+00  1.00000E+00 -1.00000E+00  1.00000E+00  
  4.40000E+00 -5.57000E+00 -1.90000E+01 -1.75000E-01  1.30000E+01  1.00000E+00  
  1.00000E+00  1.00000E+00  1.00000E+00  1.00000E+00  1.00000E+00  1.18760E+00  
  1.00000E+00  1.00000E+00 -1.00000E+00  4.12000E+00 -2.85000E+00  7.00000E+00  
  2.10000E+01  1.00000E+00  1.00000E+00  1.00000E+00  1.00000E+00  1.00000E+00  
  1.00000E+00 -1.00000E+00  1.00000E+00  7.00000E+00 -1.00000E+00  1.00000E+00  
 -1.86000E+00  1.30000E+00 -2.98500E+01 -4.00000E+00  1.00000E+00  1.00000E+00  
 -1.00000E+00  1.00000E+00 -7.65000E+00  4.56000E+00 -1.50000E+01  4.60000E+01  
 -8.00000E-01  1.00000E+00  1.00000E+00 -1.00000E+00  1.00000E+00 -2.99000E+01  
  2.68000E+01 -3.70000E+01 -9.30000E+01  5.60000E-01  1.00000E+00  1.00000E+00  
  1.00000E+00  1.00000E+00  1.00000E+00  4.81850E+00  2.64170E+00 -1.00000E+00  
  1.00000E+00 -1.00000E+00  1.00000E+00  1.00000E+00  1.80000E-01 -1.00000E+00  
  1.00000E+00  3.01500E+00  4.52260E+01 -5.08900E+01  2.51300E+01 -3.10000E-01  
 -2.00000E-03  1.00000E+00  1.00000E+00  1.00000E+00  1.00000E+00  1.00000E+00  
  1.00000E+00  1.00000E+00  1.00000E+00  1.00000E+00  1.00000E+00  1.00000E+00  
  1.00000E+00  1.00000E+00  1.00000E+00  1.00000E+00 -1.00000E+00  1.00000E+00  
  1.00000E+00  1.00000E+00  1.08000E-01  2.80000E-02  4.00000E-02  1.20000E-01  
 -1.00000E+00  3.90000E-02  6.20000E-02  1.18800E+00  5.14000E-01 -1.42000E-01  
  9.90000E-02  9.80000E-02  1.00000E+00  1.00000E+00  1.00000E+00 -1.00000E+00  
  1.00000E+00 -2.51600E+01  2.46800E+01 -7.10000E+01 -3.62000E+01 -5.00000E+00  
  1.00000E+00  5.16800E-01  1.00000E+00  7.29000E-01  1.00000E+00 -1.00000E+00  
 -1.50000E+00  5.00000E+00  6.10000E-01  1.00000E+00  1.00000E+00  1.00000E+00  
  1.00000E+00  1.00000E+00  1.00000E-01 -1.00000E+00  1.00000E+00  1.00000E+00  
  3.12600E+01  3.02900E+01 -4.21400E+01 -5.86000E-01  1.00000E+00  1.00000E+00  
 -6.12000E-01 -4.08000E-01  1.00000E+00  1.40000E-02 -3.57500E+00  6.70000E+00  
  5.42720E+01 -2.30000E-02  1.30000E-02  1.00000E+00  1.00000E+00  1.00000E+00  
  1.00000E+00  1.00000E+00 -1.00000E+00  1.00000E+00  1.00000E+00  1.00000E+00  
  1.00000E+00  1.00000E+00  1.00000E+00  1.00000E+00  1.00000E+00  1.00000E+00  
  1.00000E+00  1.00000E+00  1.00000E+00  1.00000E+00  1.00000E+00 -1.00000E+00  
  1.00000E+00  2.50000E+00  1.00000E+00  1.00000E+00  1.00000E+00  1.00000E+00  
  1.00000E+00  1.00000E+00  1.00000E+00  1.00000E+00  1.00000E+00  1.00000E+00  
  1.00000E+00  1.00000E+00  1.00000E+00  1.00000E+00  1.00000E+00  1.00000E+00  
  1.00000E+00 -1.00000E+00  1.00000E+00 -1.61600E+01  1.54500E+01 -5.90000E+00  
 -3.47000E+00 -3.70000E+01  1.00000E+00  1.00000E+00  1.00000E+00  8.50000E-02  
 -1.27000E+00  2.70000E-01  1.00000E+00 -1.51000E+01 -5.74000E-01  5.26000E+01  
 -5.01000E+01  1.00000E+00  1.00000E+00  1.00000E+00  1.00000E+00  1.00000E+00  
  1.00000E+00  1.00000E+00 -8.60000E-01 -1.40000E-01  1.00000E+00 -2.28000E+00  
  2.60000E+00  9.30000E+00 -3.17000E+00 -5.00000E+00  1.00000E+00 -1.00000E+00  
 -1.00000E+00  1.00000E+00  1.05800E+01 -8.50000E+00 -2.14800E+01  5.68000E+01  
 -7.00000E+00 -1.00000E+02  1.00000E+00  1.00000E+00  1.00000E+00 -1.00000E+00  
  1.00000E+00 -9.66000E+00  1.23000E+01 -1.16600E+01 -3.48000E+00  1.33000E+00  
 -1.00000E+00  1.00000E+00 -2.71000E+00 -9.00000E-01  1.05460E+02 -3.47000E+00  
 -5.02000E+00  1.00000E+00  1.00000E+00  1.00000E+00  1.00000E+00  1.00000E+00  
  1.00000E+00  1.00000E+00  1.00000E+00  1.00000E+00  1.00000E+00 -1.60000E-01  
 -8.40000E-01  1.00000E+00 -3.02600E+01  2.95500E+01 -1.70000E+01  6.62000E+00  
 -9.90000E+01 -1.00000E+00  1.00000E+00  2.52000E+00 -6.60000E+00 -1.82000E+01  
  5.80000E-01 -7.00000E+00 -1.00000E+02  1.00000E+00 -1.00000E+00  1.00000E+00  
 -1.88200E+01  1.81300E+01 -3.74000E+01 -3.61000E+00 -2.40000E+01 -1.00000E+00  
  1.00000E+00  1.00000E+00  1.00000E+00  1.00000E+00  1.00000E+00  1.00000E+00  
  1.00000E+00  1.00000E+00  1.00000E+00  1.00000E+00  1.00000E+00  1.00000E+00  
  1.00000E+00  1.09000E-01 -1.00000E+00  1.00000E+00  1.00000E+00  2.25200E+01  
 -7.65500E+01  3.30200E+01 -6.39000E-01  1.00000E+00  1.00000E+00  1.00000E+00  
  1.00000E+00  1.00000E+00 -1.00000E+00  1.00000E+00 -5.10000E+00  3.00000E+00  
 -1.65000E+00  2.80000E+01 -6.52000E+00 -1.25000E+01  1.00000E+00  1.00000E+00  
 -1.50000E-01 -8.50000E-01 -3.50000E-02  8.10000E-01  8.10000E-01  1.90000E-01  
  1.00000E+00 -1.06000E+00 -4.80000E-01  7.40000E-01 -5.70000E+00  1.97000E+00  
  7.50000E+00  1.90000E-01 -1.00000E+00  1.00000E+00 -6.50000E+00  5.00000E-01  
 -1.65000E+00  2.80000E+01 -9.12000E+00 -1.15000E+01  1.00000E+00  1.01000E+00  
  1.30000E-02  5.00000E-03  4.70000E-02  1.07000E-01  5.00000E-02  1.24000E-01  
  1.64000E-01  2.70000E-02  4.63000E-01 -2.20000E-02  1.05200E+00  1.00000E+00  
  1.00000E+00  1.00000E+00  1.00000E+00  1.01340E+00 -3.00000E-01 -7.00000E-01  
  1.00000E+00  1.00000E+00  1.00000E+00  1.00000E+00 -1.00000E+00  1.00000E+00  
 -2.15000E+01 -1.22100E+01  1.15700E+01 -1.65000E+00 -1.50000E+01  1.00000E+00  
  1.00000E+00  1.00000E+00  1.00000E+00  1.00000E+00  1.00000E+00  1.00000E+00  
  1.00000E+00  1.00000E+00 -1.00000E+00  1.00000E+00 -7.00000E+00 -2.75000E+00  
  2.11000E+00 -2.14000E+00  2.00000E+01 -1.00000E+00  1.00000E+00 -2.10000E+01  
 -2.69700E+01  2.63300E+01  7.10000E-01 -7.35000E+01 -1.00000E+00  1.00000E+00  
 -2.30000E+01 -3.96100E+01  3.89700E+01  3.60800E+01 -9.20000E+01  5.38800E-01  
  9.54000E-01  1.00000E+00  1.00000E+00 -1.00000E+00 -1.34000E+00  7.00000E-01  
 -1.03000E+00 -4.00000E+00  1.00000E+00  1.00000E+00  1.00000E+00  1.00000E+00  
  1.00000E+00  1.00000E+00  1.00000E+00  1.00000E+00  1.00000E+00  1.00000E+00  
  1.00000E+00  1.00000E+00  1.00000E+00  1.00000E+00  1.00000E+00  1.00000E+00  
 -1.00000E+00  1.00000E+00 -7.60000E-01  5.00000E-02 -1.60000E+01  9.70000E+00  
  1.00000E+00  1.00000E+00  1.00000E+00 -1.00000E-01 -1.00000E+00 -7.50000E-02  
 -1.00000E+00 -1.00000E-01 -1.00000E+00 -8.75000E-02 -1.00000E+00  3.03000E-01  
  7.07000E-01  6.00000E-03  3.50000E-02  6.40000E-02  5.90000E-02  6.89999E-02  
  2.18000E-01  2.00000E-02  3.80000E-02  4.90000E-01 -2.60000E-02  1.00000E-03  
  1.00000E+00  1.00000E+00  1.01500E+00 -1.00000E+00  2.00000E-01 -1.00000E+00  
  2.27500E+00 -1.00000E+00 -1.53030E+00 -1.00000E+00  1.00000E+00  9.63200E-01  
 -1.00000E+00  1.00000E+00  3.68700E-01 -1.00000E+00  1.00000E+00 -1.24640E+00  
 -1.00000E+00  1.00000E+00  1.00700E+00 -1.00000E+00  1.00000E+00 -1.00000E+00  
  1.00000E+00 -2.94000E+00  1.75000E+00 -6.00000E+00 -1.10000E+01  1.01090E+00  
 -1.00000E+00  1.00000E+00  3.96900E-01 -1.00000E+00  1.00000E+00  8.62500E-01  
 -1.00000E+00  1.00000E+00  6.67400E-01 -1.00000E+00  1.00000E+00  6.94300E-01  
 -1.00000E+00  1.00000E+00 -1.20630E+00 -1.00000E+00  1.00000E+00  1.01140E+00  
 -1.00000E+00  1.00000E+00 -9.79100E-01 -1.00000E+00  1.00000E+00  9.88600E-01  
 -1.00000E+00  1.00000E+00  1.01540E+00 -1.00000E+00  1.00000E+00  4.03300E-01  
 -1.00000E+00  1.00000E+00  3.65700E-01 -1.00000E+00  1.00000E+00  3.45000E-01  
 -1.00000E+00  1.00000E+00  6.83200E-01 -1.00000E+00  1.00000E+00  8.62500E-01  
 -1.00000E+00  1.00000E+00  6.67400E-01 -1.00000E+00  1.00000E+00  6.94300E-01  
 -1.00000E+00  1.00000E+00  1.01990E+00 -1.00000E+00  1.00000E+00  4.09400E-01  
 -1.00000E+00  1.00000E+00 -1.65190E+00 -1.00000E+00  1.00000E+00  4.00100E-01  
 -1.00000E+00  1.00000E+00  4.18300E-01 -1.00000E+00  1.00000E+00  4.02200E-01  
 -1.00000E+00  1.00000E+00  1.00000E+02  1.00000E+00  2.08248E+01  1.65800E+00  
 -1.00000E+00  1.00000E+00  2.00000E+01  1.00000E+00  1.39748E+01  1.65800E+00  
 -1.00000E+00  1.00000E+00  1.15968E+01  1.65800E+00 -1.00000E+00  1.00000E+00  
  1.20848E+01  1.65800E+00 -1.00000E+00  1.00000E+00  1.11467E+01  1.65800E+00  
 -1.00000E+00  1.00000E+00  1.50000E+01  1.00000E+00  7.90670E+00  1.64600E+00  
  1.00000E+00  9.58280E+00  1.65800E+00 -1.00000E+00  1.00000E+00 -5.00000E+00  
  8.01980E+00  1.65800E+00 -1.00000E+00  1.00000E+00  5.94170E+00  1.65800E+00  
 -1.00000E+00  1.00000E+00  4.60590E+00  1.65800E+00 -1.00000E+00  1.00000E+00  
  5.53500E+00  1.56200E+00 -1.00000E+00  1.00000E+00 -2.06910E+00  2.23800E+00  
  1.00000E+00  1.00000E+00 -1.00000E-02  1.00000E+00 -1.00000E+00 -1.00000E+00  
  8.18999E-02 -1.00000E+00  1.00000E+00  5.17000E+00 -5.41000E-01 -1.55160E+02  
  2.18260E+02  9.55100E+01 -1.00000E+00  1.00000E+00  4.57000E+00 -8.40000E+00  
 -3.05000E+00  4.50000E+00 -1.37000E+01  2.20000E+01 -1.00000E+00  5.40000E+00  
 -1.37900E+00 -1.65500E+00  1.00000E+00 -1.00000E+00  1.00000E+00 -9.27000E+00  
  7.82000E+00  3.38900E+01 -1.60000E+01 -1.00000E+00  1.00000E+00 -1.39800E+01  
  1.01500E+01  3.38900E+01 -1.35000E+01 -2.00000E+01 -1.40000E+01 -2.15000E+01  
 -1.00000E+00  1.00000E+00 -9.27000E+00  7.82000E+00  3.38900E+01 -1.60000E+01  
 -1.00000E+00  1.00000E+00 -9.15000E+00  5.32000E+00  2.30000E+00 -1.20000E+01  
 -1.60000E+01 -1.40000E+01 -1.90000E+01 -1.00000E+00  1.00000E+00 -2.69600E+01  
  2.61500E+01 -2.20000E+01 -6.90000E+01 -1.00000E+00  1.00000E+00 -2.69600E+01  
  2.61500E+01 -3.05000E+01 -6.00000E+01 -1.00000E+00  1.00000E+00 -3.98000E+00  
  1.50000E-01 -3.17000E+00 -7.25000E+00 -5.00000E+00 -1.40000E+01 -1.50000E+01  
 -1.00000E+00  1.00000E+00 -4.69000E+00  8.60000E-01 -3.26000E+00 -3.50000E+00  
 -5.50000E+00 -1.40000E+01 -1.60000E+01 -1.00000E+00  1.00000E+00 -5.40000E-01  
 -3.29000E+00 -3.60000E+00 -1.50000E+00  1.70000E+01 -1.40000E+01 -9.00000E+00  
 -1.00000E+00  1.00000E+00 -5.40000E-01 -3.29000E+00 -3.59000E+00  4.50000E+00  
  2.20000E+01 -1.40000E+01 -6.00000E+00 -1.00000E+00  1.00000E+00 -1.00000E+00  
  1.00000E+00  5.64000E+00 -6.45000E+00  8.50000E+00  4.00000E+00  4.31000E-02  
 -1.00000E+00  6.89999E-02  2.73000E-01  1.30000E-02  1.00000E-03 -1.00000E-02  
  4.00000E-01  2.44000E-01  3.38000E+00 -3.70000E+00  2.80000E+00  1.60000E+00  
  7.50000E-03 -1.00000E+00  1.09000E-01  5.10000E-01  3.71000E-01  1.00000E-02  
 -3.20000E-03  1.00800E+00  4.53000E-02 -1.00000E+00  1.00000E+00  7.87000E+00  
 -6.70000E-01 -1.02310E+02  8.35801E+01  1.00740E+01  7.09000E-02 -1.00000E+00  
  1.00000E+00  4.55400E+01 -4.68000E-01 -7.46499E+01  4.18000E+01 -1.64200E+00  
 -1.00000E+00  1.00000E+00  1.43000E+00 -5.26000E+00 -3.52000E+00  6.50000E+00  
  1.30000E+01 -1.40000E+01  1.00000E+00 -1.00000E+00  1.00000E+00  1.42300E+01  
 -1.50400E+01  8.70000E+00 -3.40000E+01 -1.00000E+00  1.00000E+00  1.44700E+01  
 -1.52800E+01  1.95000E+01 -3.10000E+01 -1.00000E+00  1.00000E+00  9.13000E+00  
 -9.94000E+00  6.80000E+00 -3.80000E+01 -1.76000E-01 -8.24000E-01  4.00000E-04  
  1.00000E+00 -9.00000E-02  7.94000E+00 -8.75000E+00  8.00000E-01 -2.10000E+01  
  6.74000E-02 -1.00000E+00  1.00000E+00 -2.80000E-01 -4.45000E-01 -3.40300E+01  
  1.80000E+01  4.11200E+00 -1.00000E+00  1.00000E+00 -7.83300E+00 -1.49700E+01  
 -8.40000E+00  1.30000E+01 -2.72900E+00  6.01000E-02 -1.00000E+00  2.50000E-01  
  7.50000E-01 -1.90000E-01 -2.98000E-01  4.27000E+01 -2.45000E+01 -8.16000E+00  
  2.18000E-02 -1.00000E+00 -4.09000E-02  9.70000E-01  1.97000E+00  6.93000E+00  
 -8.30000E+00 -2.96000E+00  3.88000E+00  1.00000E+02 -1.00000E+00  1.00000E+00  
  9.26000E+00 -1.07100E+01  1.45000E+01 -3.05000E+00  4.00000E+00  1.00000E+02  
  1.18760E+00  1.00000E+00  1.00000E+00 -1.00000E+00  4.17670E+00 -1.00000E+00  
  1.00000E+00 -1.50000E+01 -1.00000E+00  1.00000E+00 -1.30000E+00 -6.00000E+00  
  1.30000E+01  1.10000E+01 -7.50000E-01 -2.50000E-01  1.00000E+00 -6.00000E-02  
 -1.30000E-01 -8.10000E-01  1.00000E+00 -1.00000E+00  1.00000E+00 -2.26000E+00  
  2.01000E+00 -6.00000E+00 -1.10000E+01 -2.50000E-01 -7.50000E-01  1.00000E+00  
 -7.40000E-01 -2.60000E-01  1.00000E+00 -1.00000E+00  1.00000E+00  1.00000E+00  
 -1.00000E+00 -1.00000E+00  1.00000E+00 -3.13000E+00  2.32000E+00 -6.00000E+00  
  6.70000E+01 -1.00000E+00  9.80000E-01 -1.00000E+00  9.80000E-01  7.50000E-03  
 -1.00000E+00  4.88000E-01  7.50000E-02  4.27000E-01  1.00000E-02 -2.90000E-03  
  9.44000E-01  1.00000E-02  1.00800E+00  2.41000E-01  5.60000E-02  2.80000E-02  
  6.50000E-02  7.70000E-02  5.10000E-02  4.64000E-01  1.80000E-02 -3.16000E-02  
  1.17000E+00  1.17000E+00 -1.00000E+00 -2.68400E+00 -1.61000E+00  1.00000E+00  
  1.00000E+00  1.01000E+00  1.00000E-03  4.00000E-03  2.40000E-02  7.30000E-02  
  5.90000E-02  8.29999E-02  9.60000E-02  6.59000E-01 -2.10000E-02  1.00000E-03  
  1.00000E+00  1.00000E+00  1.05000E+00  7.50000E+00  1.00000E+00  7.00000E+00  
  1.00000E+00 -1.00000E+00  1.00000E+00 -1.00000E-01 -9.00000E-01  1.00000E+00  
  7.94000E-01 -1.11600E+01  1.00000E+00  9.69999E-02 -1.00000E+00  9.90000E-01  
 -2.00980E+01 -7.18799E+01  5.66300E+01 -6.57000E-01  1.00000E+00  1.08100E+00  
  1.00000E+00 -1.00000E+00  1.09000E+00 -1.00000E+00  1.08000E+00  1.06000E+00  
 -1.00000E+00 -1.00000E+00  1.00000E+00  1.00000E+00 -1.00000E+00  1.00000E+00  
 -1.00000E+00  1.00000E+00 -1.00000E+00  4.90000E-02 -1.00000E+00  1.00000E+00  
 -1.31000E+01  1.64100E+02 -1.00000E+02 -7.34000E-01  9.50000E-02 -1.00000E+00  
  1.00000E+00  1.00000E+00  3.69700E+01  5.50000E+01 -8.78999E+01 -3.23000E-01  
 -1.00000E+00  1.00000E+00  1.00000E+00  4.90000E-02  7.30000E-02  4.00000E-02  
  6.30000E-02 -1.00000E+00  8.24000E-01 -1.10000E-01  9.10000E-01  7.47000E+00  
 -1.61000E+01 -2.20000E+00 -4.75000E-01 -1.00000E+00  1.00000E+00  1.69000E+00  
 -4.78000E+00 -1.40000E+01 -4.00000E+00 -8.00000E-01  6.20000E-02  5.00000E-02  
  2.70000E-02  4.30000E-02 -6.20000E-01 -3.80000E-01  8.80000E-01 -1.10000E-01  
  9.10000E-01  8.02000E+00 -1.54000E+01  1.68000E+01 -5.10000E-01  1.37000E-01  
  7.60000E-02  5.00000E-02  7.60000E-02 -6.25000E-01 -3.75000E-01  7.98000E-01  
 -1.20000E-01  1.00000E+00 -7.10000E-01 -1.30000E+01  2.00000E+00 -2.15000E-01  
 -1.00000E+00  1.00000E+00 -1.00000E+00  1.00000E+00 -1.31000E+00 -5.23000E+00  
 -1.00000E+00  1.00000E+00 -4.73000E+00 -5.40000E+00 -1.00000E+00  1.00000E+00  
  5.94000E+00 -5.60000E+00  7.00000E+00  2.10000E+01 -1.00000E+00  1.00000E+00  
  4.12000E+00 -2.85000E+00  7.00000E+00  2.10000E+01  1.00000E+00  1.00000E+00  
  1.00000E+00  1.00000E+00  1.00000E-03  1.00000E+00  1.00000E+00 -1.00000E+00  
 -1.00000E+00  1.00000E+00  1.00000E+00 -1.00000E+00 -1.00000E+00  1.00000E+00  
 -1.00800E+01  4.88000E+00 -8.40000E+00  1.30000E+01 -2.72900E+00 -1.00000E+00  
  1.00000E+00 -1.40000E-03 -5.67000E+00  1.40000E+01 -2.00700E+01 -1.00000E+00  
  1.11000E+00 -2.27710E+00  2.02500E+00  8.70000E-01  1.30000E-01  1.00000E+00  
  1.00000E+00 -1.00000E+00  1.00700E+00  5.91000E-01 -1.02680E+01  1.00000E+00  
  5.91000E-01 -1.11600E+01  1.00000E+00 -1.00000E+00  1.00000E+00 -2.00000E+00  
 -2.50000E+00  8.30000E-01 -2.94000E+00 -3.00000E+00 -1.00000E+00  1.00000E+00  
 -6.92600E+00 -2.62860E+01  4.90000E+01  5.62300E+00 -1.00000E+00  1.00000E+00  
  1.69900E+00 -6.88400E+00 -6.80000E+00 -1.40000E+01  2.98700E+00 -1.00000E+00  
  1.00000E+00  1.52000E-01 -6.79900E+00 -7.80000E+00 -1.10000E+01  2.98700E+00  
 -1.00000E+00  1.00000E+00 -6.79000E+00 -8.30000E+00 -6.50000E+00  2.98700E+00  
 -1.00000E+00  1.00000E+00 -3.69700E+00  1.07780E+01  1.30000E+00 -9.00000E+00  
 -2.79500E+00 -1.00000E+00  9.80000E-01  9.80000E-03 -2.48800E+00  1.06650E+01  
 -8.33000E+00 -1.17600E+01 -2.67400E+00 -2.30000E-02  1.30000E-02 -1.00000E+00  
  1.00000E+00 -4.55100E+00  1.07020E+01 -1.50000E+00 -6.00000E+00 -2.72900E+00  
 -1.00000E+00  1.00000E+00 -5.53200E+00  1.22640E+01 -4.50000E+00 -2.50000E+00  
 -2.72900E+00 -1.00000E+00  1.00000E+00 -1.00000E+00  3.64000E-01  4.20000E-02  
  7.10000E-02 -1.00000E+00  6.21000E-01  1.53300E+00  1.00000E+00 -1.61100E+00  
  4.83200E+00 -4.21300E+00  2.42000E+00 -2.71000E-01 -1.33000E-01  1.33000E-01  
  1.33000E-01 -1.00000E+00  1.00000E+00 -6.92600E+00  8.00000E+00  6.00000E+00  
  1.00000E+01 -3.28100E+00 -1.00000E+00  1.00000E+00 -3.67300E+01 -2.50000E+01  
 -3.80000E+01  3.60600E+01 -1.00000E+00  1.00000E+00 -1.41680E+01  1.28960E+01  
  1.50000E+01  4.05000E+01 -2.72900E+00 -1.00000E+00  1.00000E+00 -7.39000E-01  
 -5.73200E+00  3.00000E+00 -5.00000E+00 -1.00000E+00  1.00000E+00  3.10200E-01  
  4.92000E-01 -1.00000E+00  1.00000E+00 -1.00000E+00  1.00000E+00 -1.00000E+00  
  1.10000E+00 -1.00000E+00  1.00000E+00 -6.40000E-01 -3.60000E-01  1.00000E+00  
 -2.00000E-03  1.00000E+00 -1.00000E+00 -1.00000E+00  1.00000E+00  1.74500E+00  
  1.00000E+00 -1.00000E+00  1.00000E+00  7.31000E+00  1.00000E+00 -1.00000E+00  
  1.00000E+00 -5.00000E+00  1.10000E+01 -1.00000E+00  1.00000E+00  2.45700E+00  
 -1.70000E+01 -3.04000E+00 -1.00000E+00  1.00000E+00 -1.02100E+01  1.28960E+01  
 -8.30000E+00  3.30000E+01 -2.73300E+00 -1.00000E+00  1.00000E+00 -8.50000E-01  
 -1.60000E+01  2.93400E+00  2.35000E-02 -4.38200E-01 -5.39300E-01 -4.60000E-02  
  1.00000E+00  4.91900E-01  1.00000E+00  8.08000E-01  1.00000E+00 -1.00000E+00  
 -1.80000E+00 -7.42000E+00 -1.00000E+00  1.00000E+00 -2.51500E+01 -1.84300E+01  
 -1.00000E+00  1.00000E+00  1.88000E+00 -5.60900E+00 -1.00000E+00  2.00000E+00  
 -1.65800E+01 -1.60000E+01  1.52500E+01 -1.80000E+01  1.00000E+00 -3.00000E+01  
 -1.00000E+00  1.00000E+00 -9.11000E+00  7.63000E+00 -1.00000E+01 -1.00000E+01  
 -5.00000E+00 -1.00000E+00  1.00000E+00  2.54000E+00 -4.02000E+00 -6.00000E+00  
 -9.00000E-01 -5.00000E+00 -1.00000E+00  1.00000E+00  5.50000E-01 -2.03000E+00  
  1.00000E+00 -3.90000E+00 -5.00000E+00 -1.00000E+00  1.00000E+00 -1.82000E+00  
  3.40000E-01  1.10000E+01 -1.40000E+01 -5.00000E+00 -1.00000E+00  1.00000E+00  
  8.60000E-01 -2.34000E+00  1.00000E+00 -1.60000E+01 -5.00000E+00 -1.00000E+00  
  1.00000E+00  8.90000E+00  1.60000E+01 -1.01500E+01 -4.50000E+00  1.00000E+00  
 -3.00000E+01 -1.00000E+00  1.00000E+00  2.57000E+00 -4.05000E+00  3.40000E+01  
 -3.55000E+01 -5.00000E+00 -1.00000E+00  1.00000E+00 -6.08000E+00  5.20000E+01  
 -3.55000E+01  5.41000E+00 -1.00000E+00  1.00000E+00 -3.53000E+00  6.60000E+01  
 -3.67000E+01  2.86000E+00 -1.00000E+00  1.00000E+00  1.39200E+01 -1.54000E+01  
 -2.90000E+01  1.30000E+01 -5.00000E+00 -1.00000E+00  1.00000E+00  1.32300E+01  
 -1.45600E+01  6.00000E+00  1.00000E+00 -3.00000E+01 -1.00000E+00  1.00000E+00  
  1.64100E+01  1.10000E+01 -1.77400E+01  2.60000E+00  1.00000E+00 -3.00000E+01  
 -1.00000E+00  1.00000E+00  1.84500E+01  2.00000E+00 -1.97900E+01  1.00000E+00  
 -3.00000E+01 -1.00000E+00  1.00000E+00  9.82000E+00 -1.13000E+01  5.10000E+01  
 -3.42000E+01 -5.00000E+00 -1.00000E+00  1.00000E+00  7.32000E+00 -8.80000E+00  
  5.90000E+01 -3.45000E+01 -5.00000E+00 -1.00000E+00  1.00000E+00  7.14000E+00  
  6.60000E+01 -3.50000E+01 -7.81000E+00  9.34000E-01 -1.00000E+00  3.20000E-02  
  1.00000E+00  1.60000E-02  9.34000E-01 -1.00000E+00  3.20000E-02  1.00000E+00  
  1.60000E-02  9.34000E-01 -1.00000E+00  3.20000E-02  1.00000E+00  1.60000E-02  
  9.34000E-01 -1.00000E+00  3.20000E-02  1.00000E+00  1.60000E-02 -1.00000E+00  
  1.00000E+00 -1.00800E+01  8.60000E+01 -3.77000E+01  9.41000E+00 -1.00000E+00  
  1.00000E+00  1.01700E+01 -1.16500E+01 -1.20000E+01  1.50000E+01 -5.00000E+00  
  1.00000E+00 -1.00000E+00 -3.00000E+00  5.00000E+00 -1.00000E+00  1.00000E+00  
  3.08000E+00  5.00000E+00 -3.19000E+00 -1.00000E+00  1.00000E+00 -3.00000E+00  
  5.00000E+00 -1.00000E+00  1.00000E+00 -1.05000E+00  1.67000E+00 -5.00000E+00  
  1.50000E+01 -1.60000E+01 -1.00000E+00  1.00000E+00  1.67000E+01  1.00000E+00  
 -1.15000E+01  1.00000E+00 -1.00000E+00  1.00000E+00 -1.00000E+00  5.91000E-01  
 -4.46000E+00  1.00000E+00  9.10000E-02  1.00000E+00  1.00000E+00 -1.77900E+01  
 -6.18000E-01 -6.48000E+01  2.46000E+01 -1.00000E+00  1.00000E+00  6.51000E-01  
 -8.03500E+00  1.00000E+00  1.13800E-01 -7.47000E-01 -2.53000E-01  2.00000E-02  
  1.00000E-01  1.85000E-01 -1.16000E-01  6.95000E-01  1.23900E+00  4.00000E+00  
 -2.85000E-01  3.63200E+00 -1.12600E+01 -4.17700E+00 -2.40000E+00  1.00000E+00  
  1.68900E+00  2.68800E+00 -1.00000E+00  1.00000E+00  1.00000E+00  1.79800E+00  
  2.56670E+00 -1.00000E+00  1.00000E+00  1.00000E+00  1.00000E+00  1.08210E+00  
  2.13300E+00  1.00000E+00 -1.00000E+00  1.00000E+00  3.19600E-01  6.29200E-01  
  1.00000E+00 -1.00000E+00  1.30100E+00  2.03800E+00 -1.00000E+00  1.00000E+00  
 -1.00000E+00  2.56000E-01  3.77000E-01  1.00000E+00  1.00000E+00 -1.00000E+00  
  3.19600E-01  6.29200E-01  1.00000E+00 -1.00000E+00  1.30100E+00  2.03800E+00  
 -1.00000E+00  1.00000E+00 -1.00000E+00  2.56000E-01  3.77000E-01  1.00000E+00  
  1.00000E+00 -1.00000E+00  1.65900E+00  2.55400E+00 -1.00000E+00  1.00000E+00  
  4.13800E+00  1.00000E+00  1.00000E+00  6.88500E-01  9.54200E-01  1.00000E+00  
  5.58000E+00 -8.30000E+00  9.70000E+00 -5.94000E-01  1.00000E+00  4.09900E-01  
  1.00000E+00  5.75000E-01  1.00000E+00 -1.00000E+00  5.51700E+00  1.54000E-01  
  1.00000E+00  5.83200E-01  1.00000E+00  7.29000E-01  1.00000E+00 -1.00000E+00  
  5.50000E+00  1.54000E-01  1.60320E+00  1.00000E+00  2.42900E+00  1.00000E+00  
 -5.80000E-01 -4.20000E-01  2.32000E+00 -5.41000E+00  1.68000E+00 -3.92000E+00  
  1.60320E+00  1.00000E+00  2.42900E+00  1.00000E+00 -9.20000E-01 -8.00000E-02  
  3.68000E+00 -8.59000E+00  3.20000E-01 -7.50000E-01  1.65900E+00  2.55400E+00  
 -1.00000E+00  1.00000E+00 -1.21950E+01  1.00000E+00  1.00000E+00  1.55000E-02  
  5.50000E-01  1.10000E-01 -1.00000E+00  1.70000E-01  2.83000E+00  4.12400E-01  
  6.62000E-01  1.00000E+00 -1.00000E+00  1.30100E+00  2.03800E+00 -1.00000E+00  
  1.00000E+00 -1.00000E+00  6.30200E-01  1.27100E+00 -1.00000E+00  1.00000E+00  
 -1.00000E+00  4.71560E+00  2.42080E+00 -1.00000E+00 -1.00000E+00  1.00000E+00  
  1.00000E+00 -1.00000E+00  1.00000E+00  2.06000E+00 -2.77000E+00  3.50000E+00  
 -3.70000E+01  5.77300E-01  7.42000E-01  1.00000E+00 -1.00000E+00  3.43600E-01  
  6.58400E-01  1.00000E+00 -1.00000E+00  1.69870E+00  2.21700E+00 -1.00000E+00  
  1.00000E+00 -1.00000E+00  1.00000E+00  4.39850E+00  2.10420E+00 -1.00000E+00  
 -1.00000E+00  1.00000E+00  1.00000E+00  1.53760E+00  2.57900E+00 -1.00000E+00  
  1.00000E+00  1.00000E+00  3.19700E-01  6.29000E-01  1.00000E+00 -1.00000E+00  
  1.30100E+00  2.03800E+00 -1.00000E+00  1.00000E+00 -1.00000E+00  2.69100E-01  
  4.40000E-01 -1.00000E+00  1.00000E+00  2.73700E-01  3.36000E-01  1.00000E+00  
 -1.00000E+00  5.23300E-01  1.00000E+00  8.08000E-01  1.00000E+00 -1.00000E+00  
  6.18750E+00  2.19580E+00 -1.00000E+00 -1.00000E+00  1.00000E+00  1.00000E+00  
  1.00000E+00  2.87500E-01  5.00000E-01 -1.00000E+00  1.00000E+00  1.00000E+00  
  1.00000E+00  2.56000E-01  3.77000E-01  1.00000E+00 -1.00000E+00  1.20710E+00  
  1.88300E+00 -1.00000E+00  1.00000E+00  1.00000E+00 -1.00000E+00  1.65900E+00  
  2.55400E+00 -1.00000E+00  1.00000E+00  1.00000E+00  1.00000E+00  3.01000E-01  
  2.92000E-01  1.00000E+00 -1.00000E+00  1.00000E+00  1.00000E+00  5.65600E-01  
  1.00000E+00  8.08000E-01  1.00000E+00 -1.00000E+00  1.00000E+00  5.21330E+00  
  1.00000E+00  2.72500E+00 -1.00000E+00  5.70000E-01 -5.90000E-01 -3.50000E+00  
  6.00000E+00 -1.50000E+01  1.00000E+00  1.00000E+00  4.91900E-01  1.00000E+00  
  8.08000E-01  1.00000E+00 -1.00000E+00 -1.00000E+00 -1.00000E+00  1.00000E+00  
 -1.00000E+00  1.53680E+00  1.00000E+00  2.42900E+00  1.00000E+00 -1.00000E+00  
 -8.00000E-01  6.00000E+00  8.58000E-01  1.00000E+00  1.64600E+00  1.00000E+00  
 -1.00000E+00 -3.43500E-01 -1.00000E+00 -5.75000E-01 -1.00000E+00  1.00000E+00  
  1.31720E+00 -1.00000E+00 -1.00000E+00  1.00000E+00  3.01100E-01  2.91700E-01  
  1.00000E+00 -1.00000E+00 -1.80000E+00  2.50000E+00 -7.42000E+00  1.00000E+00  
  4.07800E-01  8.58000E-01  1.00000E+00  1.00000E+00  1.00000E+00  5.86600E-01  
  9.54000E-01  1.00000E+00  1.00000E+00  1.00000E+00  1.00000E+00  5.16800E-01  
  1.00000E+00  7.29000E-01  1.00000E+00 -1.00000E+00 -9.48000E+00  8.58000E-01  
  1.00000E+00  1.64580E+00  1.00000E+00 -1.00000E+00  1.50000E-01  3.50000E-02  
  1.10000E-02  6.00000E-02  1.95000E-01  1.26000E-01  2.28000E-01  2.16000E-01  
 -1.00000E+00  1.22200E+00 -4.70000E-02  7.70000E-02  5.21330E+00  1.00000E+00  
  2.72500E+00 -1.00000E+00  5.70000E-01 -5.90000E-01  6.00000E+00 -1.50000E+01  
  1.00000E+00  1.00000E+00  2.98700E-01  5.50000E-01  1.00000E+00 -1.00000E+00  
 -6.00000E-01  7.20000E+00  2.50000E+00  5.00000E-01 -2.19000E+00 -5.23000E+00  
  1.00000E+00  3.43500E-01  1.00000E+00  5.75000E-01  1.00000E+00 -1.00000E+00  
  4.81040E+00  2.22100E+00 -1.00000E+00 -1.00000E+00  1.00000E+00  1.00000E+00  
 -1.45200E+00 -1.01800E+01  1.30000E+00 -9.00000E+00 -2.79500E+00  1.00000E+00  
  2.73700E-01  3.36000E-01  1.00000E+00 -1.00000E+00  1.21690E+00  1.82500E+00  
 -1.00000E+00  1.00000E+00 -1.00000E+00  2.75000E-01  5.00000E-01 -1.00000E+00  
  1.00000E+00  1.00000E+00 -2.51030E+00  2.02500E+00  1.00000E+00  8.90000E-01  
  1.10000E-01 -2.33640E+00  2.12100E+00  1.00000E+00  6.50000E-01  3.50000E-01  
  1.31060E+00 -1.00000E+00 -1.00000E+00  1.00000E+00  4.80400E-01  1.11700E+00  
 -1.00000E+00  1.00000E+00  1.00000E+00 -1.00000E+00  3.82490E+00  5.91700E-01  
 -1.00000E+00 -4.06000E+00  1.39000E+00 -9.00000E+00  1.20000E+01 -6.00000E+00  
  1.00000E+00  1.21820E+00  2.07500E+00  1.00000E+00  1.00000E+00  3.25400E-01  
  1.00000E+00  6.00000E-01  1.00000E+00 -1.00000E+00  4.91000E-01  1.00000E+00  
  7.54000E-01  1.00000E+00 -1.00000E+00  3.80230E+00  6.00000E-01 -1.00000E+00  
  1.00000E+00  3.25400E-01  1.00000E+00  6.00000E-01  1.00000E+00 -1.00000E+00  
  4.91000E-01  1.00000E+00  7.54000E-01  1.00000E+00 -1.00000E+00  2.93190E+00  
 -1.00000E+00 -3.19000E+00  3.10000E+00 -6.00000E+00 -3.00000E+00  1.00000E+00  
  1.01340E+00 -1.00000E+00  1.05000E+00 -9.40000E-01  1.10000E+01  1.00000E+00  
  2.93190E+00 -1.00000E+00 -1.20000E+00  8.10000E-01 -2.50000E+00  4.00000E+00  
  1.00000E+00  3.00150E+00 -1.00000E+00  1.00000E+00  1.01340E+00 -1.00000E+00  
 -3.00000E+00 -1.50000E-01 -6.90000E-01 -3.10000E-01  6.00000E+00  1.00000E+00  
  1.17560E+00  1.00000E+00  1.00000E+00  2.03300E-01  4.29000E-01  1.00000E+00  
 -1.00000E+00  3.98000E-01  7.17000E-01 -1.00000E+00  1.00000E+00  2.03300E-01  
  4.29000E-01  1.00000E+00 -1.00000E+00  1.11420E+00  1.83800E+00 -1.00000E+00  
  1.00000E+00 -1.00000E+00  4.71600E-01  1.07100E+00 -1.00000E+00  1.00000E+00  
 -1.00000E+00  3.72100E-01  5.12000E-01 -1.00000E+00  1.00000E+00  4.90500E-01  
  6.79200E-01 -1.00000E+00  1.00000E+00  3.12500E-01  4.67000E-01  1.00000E+00  
 -1.00000E+00  2.58200E-01  3.29200E-01  1.00000E+00 -1.00000E+00  2.53100E-01  
  4.58000E-01  1.00000E+00 -1.00000E+00  1.00000E+00  9.75600E-01  1.50400E+00  
 -1.00000E+00  1.00000E+00  3.14800E-01  1.00000E+00  5.75000E-01  1.00000E+00  
 -1.00000E+00  4.90800E-01  1.00000E+00  9.50000E-01  1.00000E+00 -1.00000E+00  
  3.89600E-01  9.16700E-01  1.00000E+00  1.00000E+00  1.18760E+00  1.00000E+00  
  1.00000E+00 -1.00000E+00 -1.82000E+00  2.76000E+00  5.00000E-01  2.50000E+01  
  3.33500E-01  6.04000E-01 -1.00000E+00  1.25000E+00 -1.06000E+00  1.00000E+00  
  1.31040E+00  2.11200E+00 -1.00000E+00  1.00000E+00 -1.00000E+00  1.27000E+00  
 -7.80000E-01  3.14800E-01  1.00000E+00  5.75000E-01  1.00000E+00 -1.00000E+00  
  1.25000E+00 -1.06000E+00  3.07960E+00  1.30800E+00 -1.00000E+00  1.00000E+00  
  3.09630E+00  8.12000E-01 -1.00000E+00  1.00000E+00  2.03300E-01  4.29000E-01  
  1.00000E+00 -1.00000E+00  4.71600E-01  1.07100E+00 -1.00000E+00  1.00000E+00  
 -1.00000E+00  3.72100E-01  5.12000E-01 -1.00000E+00  1.00000E+00  4.07800E-01  
  8.58000E-01  1.00000E+00  1.00000E+00  2.50000E-02  9.75000E-01  3.12600E-01  
  1.00000E+00  5.75000E-01  1.00000E+00 -1.00000E+00  1.25000E+00 -1.60000E+01  
  2.10000E+01 -1.06000E+00  4.80400E-01  1.00000E+00  7.29000E-01  1.00000E+00  
 -1.00000E+00  5.20000E-01 -3.50000E-01 -5.00000E+00  1.71800E-01  4.04200E-01  
 -1.00000E+00  2.40000E-01 -5.00000E+00  1.50000E+01  1.00000E+00  2.93190E+00  
 -1.00000E+00  5.00000E-01  4.00000E+00  1.00000E+00  2.03300E-01  4.29000E-01  
  1.00000E+00 -1.00000E+00  2.93000E-01  5.09000E-01  1.00000E+00  1.00000E+00  
 -1.00000E+00  3.14800E-01  1.00000E+00  5.75000E-01  1.00000E+00 -1.00000E+00  
  2.93190E+00 -1.00000E+00  1.70000E+00 -2.87000E+00  5.00000E+00  9.00000E+00  
  1.00000E+00 -2.36450E+00  1.68800E+00  1.60000E+00 -6.00000E-01  1.00000E+00  
  1.00000E+00 -1.00000E+00 -1.00000E+00 -2.06910E+00  2.23800E+00  1.00000E+00  
  1.00000E+00 -1.00000E-02  1.00000E+00 -1.00000E+00 -1.00000E+00  1.11290E+00  
  1.88300E+00 -1.00000E+00  9.50000E-01  2.50000E-02  9.49400E-01  1.00000E+00  
 -1.00000E+00  1.06700E+00  1.01000E+00  1.50000E-03  4.90000E-03  9.00000E-04  
  1.37000E-02  6.87000E-02  6.48600E-01  2.53000E-02  1.01000E-01  1.24300E-01  
  5.00000E-03 -1.70000E-02  1.06700E+00  4.10000E-03  1.39210E+00  1.88300E+00  
 -1.00000E+00  1.00000E+00  1.30700E-01  7.84300E+00 -1.70170E+01  7.93700E+00  
 -3.25900E-01  1.00000E+00 -1.00000E+00  1.39210E+00  1.88300E+00 -1.00000E+00  
  1.00000E+00  3.26700E+00  7.84300E+00 -1.70170E+01  7.93700E+00 -3.25900E-01  
  1.00000E+00 -4.00000E-01 -6.00000E-01  1.84410E+00  2.55400E+00 -1.00000E+00  
  1.00000E+00 -1.28000E-01  1.28200E+00 -1.33050E+01  6.41000E+00 -3.16000E-01  
  1.00000E+00  1.00000E+00  4.25000E-01  3.77000E-01  1.00000E+00 -7.08000E-01  
  6.96499E+01 -1.99500E+01  8.26399E+01 -2.91000E-01  1.00000E+00  1.00000E+00  
  4.54000E-01  3.77000E-01  1.00000E+00  1.37900E+00 -6.34000E+01  2.73100E+01  
 -3.44800E+01 -3.40000E-01  1.00000E+00  1.00000E+00  1.01000E+00  1.50000E-03  
  3.80000E-03  1.14000E-02  4.03000E-02  1.15000E-01  6.80000E-02  1.15000E-01  
  1.36000E-01  4.70000E-02  4.62000E-01 -3.31000E-02  1.00000E+00 -1.00000E+00  
  1.00000E+00  2.40000E-01  1.18760E+00  1.00000E+00  1.00000E+00 -1.00000E+00  
 -1.01220E+00 -1.00000E+00  1.00000E+00  1.54010E+01  1.41400E+01  2.80000E-02  
  1.01000E-01  7.00000E-03  5.29000E-01  2.09300E+00  6.10000E-01  1.71900E+00  
  1.76000E+00  1.77700E+00  7.00000E-02  9.33000E-01  2.19500E+00  1.08800E+00  
  1.00000E+00  7.06200E+00 -6.41000E-01  4.20000E-02  1.57430E+00  2.61200E+00  
 -1.00000E+00  1.00000E+00 -2.25700E+01  1.30800E+01 -5.40000E+01 -6.36000E-01  
 -3.02000E+01  1.00000E+00  1.18760E+00  1.00000E+00  1.00000E+00 -1.00000E+00  
  1.18760E+00  1.00000E+00  1.00000E+00 -1.00000E+00 -2.00000E-01 -8.00000E-01  
  1.00000E+00  4.78200E+00 -2.89670E+01 -7.40000E+00 -1.50000E+01  7.98700E+00  
  4.80400E-01  1.11700E+00 -1.00000E+00  1.00000E+00  1.00000E+00  6.70000E-01  
 -1.00000E+00  4.80400E-01  1.11700E+00 -1.00000E+00  1.00000E+00  1.00000E+00  
  6.70000E-01 -1.00000E+00 -1.00000E+00  1.00000E+00 -3.70000E-01 -8.00000E-01  
  2.04000E+01 -8.03000E-01 -2.16000E+01 -1.00000E+00  1.00000E+00 -2.31000E+00  
  1.14000E+00  2.15000E+01 -8.03000E-01 -2.43000E+01 -1.00000E+00  1.00000E+00  
 -2.26000E+00  1.09000E+00  1.92000E+01 -8.03000E-01 -1.53000E+01 -1.00000E+00  
  1.00000E+00 -7.80000E-01  1.09000E+00  1.14000E+01 -8.03000E-01 -1.16000E+01  
  9.50000E-02  3.10000E-02  8.20000E-02 -1.00000E+00  1.50000E-01  1.85000E-01  
  2.31000E-01  8.50000E-02  8.20000E-02  4.60000E-02  1.41200E+00 -3.82000E-01  
  3.29000E-01  2.60000E+00 -1.02000E+00 -1.00000E+00  1.01480E+00 -1.00000E+00  
  1.00000E+00  3.07500E-01 -1.00000E+00 -2.00000E-02 -2.00000E-02 -2.00000E-02  
  6.00000E-02  1.00000E+00  3.05900E-01 -1.00000E+00 -2.00000E-02 -2.00000E-02  
 -2.00000E-02 -2.00000E-02  6.00000E-02  1.00000E+00  9.88600E-01 -1.00000E+00  
  1.00000E-01  9.00000E-01  4.03300E-01 -1.00000E+00  1.00000E-01  9.00000E-01  
  1.11000E-02  1.01150E+00  3.70000E-02  1.51000E-01  5.30000E-02  8.80000E-02  
  8.00000E-02  1.04000E-01  4.67000E-01  2.00000E-02 -2.17000E-02  1.02000E+00  
  1.02000E+00  1.04000E-02 -4.40000E-01 -6.50000E-01  9.00000E-02  1.00000E+00  
  6.70000E-03  3.70000E-01 -1.00000E+00  4.80000E-01  2.50000E+00  7.48000E-02  
 -1.00000E+00  1.00000E+00  2.99100E+01 -4.94000E-01 -1.02310E+02  8.35801E+01  
  1.00740E+01  3.60000E-02 -1.00000E+00  7.70000E-02  1.93000E-01  3.28000E-01  
  8.00000E-03  1.00000E-03 -6.00000E-03  2.76000E-01  1.17000E-01  2.88000E+00  
 -3.10000E+00  6.35000E+00  1.10000E+00 -1.00000E+00  1.00000E+00  1.00000E+00  
 -1.00000E+00  1.00000E+00 -1.00000E+00  1.84410E+00  2.70800E+00 -1.00000E+00  
  1.00000E+00  4.10700E+00  1.00000E+00 -1.00000E+00  1.00000E+00 -1.00000E+00  
 -5.00000E-01 -5.00000E-01  1.00000E+00 -1.00000E+00  8.60000E-02 -1.00000E+00  
  1.00000E+00 -1.12230E+01 -5.22000E+00 -1.14030E+01 -5.85000E-01 -4.00000E-01  
 -6.00000E-01  1.00000E+00 -1.00000E+00 -4.00000E-01 -6.00000E-01  1.00000E+00  
 -1.00000E+00  8.90000E-02 -1.00000E+00 -6.70000E-02  9.80000E-01  1.00000E+00  
  2.18800E+01  1.47600E+01 -3.08700E+01 -6.01000E-01  9.40000E-02  4.40000E-02  
  7.50000E-02  2.90000E-02 -1.00000E+00  7.14000E-01  2.70000E-02  2.40000E-02  
  1.00000E+00  2.13000E-01  3.40000E-02  4.15000E-02  1.00000E-02 -1.00000E+00  
  3.70000E-02  4.00000E-03  7.92500E-01  9.91500E-01  3.70000E+00  7.77300E+00  
 -1.05270E+01 -2.87000E-01 -1.00000E+00  9.70000E-01 -3.01000E+00  1.84000E+00  
 -3.39500E+01 -1.00000E+00  3.40000E-02  2.50000E-02  8.80000E-01  4.90000E-02  
 -1.94000E-01 -1.50000E-01 -7.04000E-01  9.65000E-01 -2.27000E-01 -7.73000E-01  
  1.00000E+00 -2.96700E+01  2.79200E+01 -7.70000E+01  5.09700E+00 -2.27000E+01  
 -1.00000E+00  1.00000E+00 -2.99000E+01  2.91900E+01 -1.74000E+01 -8.30000E+01  
 -8.65000E-01 -2.70000E-02  3.86000E-01  3.86000E-01  2.00000E+00 -1.00000E+00  
  2.16000E-01 -1.20000E-02  3.64000E-01  3.64000E-01  1.82000E+00 -1.00000E+00  
  1.00000E+00 -3.40000E+00  1.29000E+01 -1.50000E+00 -2.50000E-01 -4.15000E+00  
 -1.00000E+01 -1.00000E+00  1.00000E+00 -1.90000E+00 -7.10000E+00  2.40000E+00  
 -2.50000E-01 -4.07000E+00  2.16000E+00 -1.00000E+00  1.00000E+00 -6.10000E+00  
  1.90000E+01 -1.00000E+00  2.00000E-01 -3.95900E+00 -1.00000E+01 -1.00000E+00  
  1.00000E+00 -5.30000E+00  1.44000E+01 -8.30000E+00  3.00000E-01 -3.43000E+00  
 -1.00000E+01 -1.00000E+00  1.00000E+00 -8.90000E+00 -6.00000E-01 -7.80000E+00  
  1.60000E+00 -3.43000E+00 -1.00000E+01 -1.00000E+00  1.00000E+00  1.00000E-01  
  1.94000E+01 -8.70000E+00 -1.80000E+00 -4.41000E+00 -5.00000E+00 -1.00000E+00  
  1.00000E+00 -5.30000E+00  1.20200E+02  4.00000E+00 -3.00000E-01 -3.56000E+00  
 -2.05000E+00 -1.00000E+00  1.00000E+00 -6.00000E+00  1.19500E+02  9.80000E+00  
 -4.50000E-01 -3.56000E+00 -2.60000E+00 -1.00000E+00  1.00000E+00 -2.61000E+00  
  1.44000E+00  8.20000E+01 -6.43000E-01 -3.58000E+01 -1.00000E+00  1.00000E+00  
 -7.60000E-01 -4.10000E-01  6.00000E+00 -6.43000E-01 -3.50000E+01 -1.00000E+00  
  1.00000E+00 -1.00000E+00  1.00000E+00  1.34000E+00 -2.05000E+00  5.40000E+00  
 -1.50000E+01 -1.00000E+00  1.00000E+00 -2.41000E+00  1.24000E+00  1.00000E+00  
 -8.03000E-01 -1.80000E+01 -1.00000E+00  1.00000E+00 -2.05000E+00  8.80000E-01  
 -7.00000E+00 -8.03000E-01 -4.00000E+00 -1.00000E+00  1.00000E+00 -3.00000E-02  
 -1.14000E+00 -1.10000E+01 -8.03000E-01 -7.00000E-01 -1.00000E+00  1.00000E+00  
  1.00000E+00  8.97000E+00 -1.04700E+01 -8.50000E+00 -8.03000E-01 -2.50000E+01  
  1.50000E+01 -1.02000E+00  1.00000E+00  1.55000E-02 -1.67700E+00 -4.00000E-01  
  2.93400E+00 -2.30000E-02  1.30000E-02 -1.00000E+00  1.00000E+00  1.00000E+00  
  1.19300E+01 -1.44600E+01  2.10000E+01 -1.75000E-01 -2.50000E+01  1.70000E+01  
 -3.22000E-01  1.00000E+00 -6.78000E-01  1.16000E-01  9.19999E-02  6.20000E-02  
  9.40000E-02 -1.00000E+00  7.52000E-01 -1.20000E-01  1.00000E+00 -1.06000E+00  
 -6.80000E+00 -4.80000E+00 -2.04000E-01 -1.00000E+00  1.11400E+00  1.90000E-01  
 -1.00000E+00  1.00000E+00  2.39000E+00  5.25000E+01 -3.75000E+01 -3.52000E-01  
 -1.00000E+00  1.00000E+00 -1.06000E+01  2.43000E+01 -8.00000E+00  1.75000E+00  
 -1.24000E+00  9.00000E+01 -1.00000E+00  1.00000E+00 -9.30000E+00  2.46000E+01  
  1.05000E+01  1.75000E+00 -1.24000E+00  9.00000E+01  2.01000E-01  1.00000E+00  
  1.00000E+00  1.06600E+00 -4.17000E+00  4.86000E+00 -3.73000E-01 -1.00000E+00  
  1.00000E+00 -2.00000E+00 -1.30000E+00 -7.42000E+00 -1.00000E+00  1.00000E+00  
  7.00000E-01 -2.72000E+01 -2.00000E+00 -1.30000E+00 -7.42000E+00 -6.80000E-01  
  1.31000E+00 -2.32000E+00  1.69000E+00 -4.60000E-01 -5.40000E-01  1.00000E+00  
  1.01000E+00  1.80000E-03  4.40000E-03  1.22000E-02  4.26000E-02  8.90000E-02  
  5.80000E-02  9.30000E-02  1.17000E-01  3.70000E-02  5.45000E-01 -2.82000E-02  
  1.00000E+00 -1.00000E+00  1.00000E+00  2.08000E-01  1.01000E+00  1.30000E-03  
  2.80000E-03  1.25000E-02  4.04000E-02  1.05000E-01  6.40000E-02  1.01000E-01  
  8.20000E-02  8.10000E-02  5.10000E-01 -3.08000E-02  1.00000E+00 -1.00000E+00  
  1.00000E+00  2.08000E-01 -9.00000E-01  1.00000E+00 -1.00000E-01 -1.00000E+00  
  1.00000E+00  3.74000E+00 -9.00000E+00 -5.90700E+01  5.60000E-01 -1.00000E+00  
  4.68000E-01  5.32000E-01 -2.70000E-02  1.00000E+00  1.33540E+00 -1.00000E+00  
 -1.00000E+00  1.00000E+00 -1.00000E+00  9.80000E-01  1.00000E+00 -1.00000E+00  
 -1.82000E+00  2.76000E+00 -5.00000E+00  8.00000E+00  1.30000E-01 -4.00000E-01  
  1.00000E+00 -7.30000E-01 -1.00000E+00  1.00000E+00  3.80000E-01 -1.00000E+00  
  1.00000E+00  4.66500E+00 -8.96550E+01  2.38950E+02 -2.06900E+02 -5.79000E-01  
 -2.00000E-03  3.53000E-01 -1.00000E+00  1.00000E+00  1.00000E+00  9.60000E-01  
 -9.92000E+01  1.32080E+02 -1.28000E+02 -5.38000E-01 -2.22000E-01  2.54000E-01  
 -1.00000E+00  1.00000E+00 -1.09570E+01  7.84309E+01 -4.68800E+01  3.46000E+01  
 -3.87000E-01  3.24000E-01 -1.00000E+00  1.00000E+00  5.29400E+00 -6.91179E+01  
  4.41980E+01 -2.64700E+01 -4.94000E-01 -3.00000E-03  1.03900E+00 -1.24000E-01  
 -7.09000E-01  1.00000E+00  1.24000E-01 -1.67000E-01 -3.10000E-02  6.62000E-01  
 -1.22000E-01 -4.72000E-01  1.00000E+00  1.22000E-01 -4.06000E-01 -3.80000E-02  
  2.87500E-01  5.00000E-01 -1.00000E+00  1.00000E+00  1.50000E-01  3.50000E-02  
  5.50000E-02  1.42000E-01 -1.00000E+00  5.10000E-02  1.35900E+00  4.91000E-01  
 -1.71000E-01  1.13000E-01  1.13000E-01  1.33000E-01  3.50000E-02  5.50000E-02  
  1.04000E-01 -1.00000E+00  3.80000E-02  6.00000E-02  1.21000E+00  4.82000E-01  
 -1.50000E-01  1.13000E-01  1.13000E-01  1.16000E+00 -1.00000E+00 -1.00000E+00  
  1.00000E+00 -9.40000E-01  1.00000E+00  1.10000E+00  1.01000E+00  2.40000E-03  
  9.00000E-03  1.90000E-03  2.59000E-02  1.19200E-01  2.84300E-01  3.54000E-02  
  1.27300E-01  1.33300E-01  5.00000E-03  1.98000E-02  1.32700E-01  9.55999E-02  
  2.48100E-01 -2.37000E-02  1.10000E+00 -1.00000E+00  6.20000E-03 -1.00000E+00  
  1.19000E+00  2.28000E-01 -1.00000E+00  1.00000E+00 -6.38000E+00 -5.79000E-01  
 -9.13999E+01  2.25900E+02  1.96000E-01 -1.00000E+00  1.00000E+00  1.82200E+01  
 -4.98000E-01 -6.37000E+01  2.81000E+01 -1.00000E+00  1.00000E+00 -1.00000E+00  
  1.11000E+00  1.00000E+00 -1.00000E+00 -1.00000E+00  1.00000E+00 -5.54000E+00  
  7.80000E+00  1.13400E+02 -3.47000E+00  1.00000E+00 -1.00000E+00  1.00000E+00  
  1.34100E+01 -1.35000E+01 -3.05200E+01  5.68000E+01  1.48800E+01 -5.20000E-01  
 -4.80000E-01  1.00000E+00 -1.00000E+00 -2.60000E-01 -2.40000E-01 -5.00000E-01  
  1.00000E+00  1.00000E+00 -1.00000E+00  1.00000E+00 -2.19800E+01  2.08400E+01  
 -2.86000E+01  5.80000E-01 -4.70000E+01 -1.00000E+00  1.00000E+00 -1.46000E+00  
  1.20000E+00  1.33200E+01 -2.94000E+00 -5.00000E+00  1.01000E+00  2.50000E-03  
  2.50000E-03  1.00000E-02  6.50000E-02  8.20000E-02  2.60000E-02  2.60000E-02  
  1.27000E-01  1.41000E-01  5.40000E-02  4.64000E-01 -2.47000E-02  1.01800E+00  
  9.73000E-01  1.00000E+00 -1.00000E+00  1.00000E+00 -4.84000E+00 -8.30000E+00  
  1.29900E+01 -2.94000E+00  7.00000E+00 -1.00000E+00  1.00000E+00 -1.17000E+00  
 -1.00000E+00  1.34300E+01 -2.94000E+00 -7.00000E+00 -8.60000E-01 -1.40000E-01  
  1.00000E+00 -1.35700E+01  1.24300E+01 -1.90000E+01 -3.17000E+00 -1.70000E+01  
  1.45500E+00  1.01000E+00  3.00000E-03  1.03000E-02  2.00000E-03  4.44000E-02  
  9.69999E-02  4.75000E-02  1.10100E-01  7.07000E-02  5.00000E-03  2.17000E-01  
  5.80000E-03  2.51800E-01  1.32400E-01  2.88000E-01 -2.70000E-02  1.45500E+00  
 -1.00000E+00  1.00000E+00  3.00000E-03 -1.00000E+00  1.00000E+00 -1.93400E+01  
  1.86300E+01 -1.74000E+01 -3.61000E+00 -3.70000E+01 -1.00000E+00  1.00000E+00  
 -2.60000E-01 -4.50000E-01  1.05000E+01 -8.00000E-01  6.00000E+00 -1.00000E+00  
  1.00000E+00 -6.00000E-02 -6.50000E-01  2.05000E+01 -8.00000E-01 -1.00000E+01  
 -1.00000E+00  1.00000E+00  1.24000E+00 -1.95000E+00  2.15000E+01 -8.00000E-01  
 -2.00000E+01 -1.00000E+00  1.00000E+00  1.73000E+00 -2.44000E+00  1.30000E+00  
 -8.00000E-01  2.00000E+00 -1.00000E+00  1.00000E+00  2.40000E-01 -9.50000E-01  
  3.00000E+00 -8.00000E-01 -1.00000E+01 -1.00000E+00  1.00000E+00  2.96000E+00  
 -3.65000E+00 -1.37000E+01 -8.00000E-01  3.00000E+00 -1.00000E+00  1.00000E+00  
 -5.35000E+00  4.64000E+00 -4.50000E+00 -8.00000E-01  4.00000E+00 -1.00000E+00  
  1.00000E+00 -1.20000E+00  4.90000E-01 -1.45000E+01 -8.00000E-01 -3.00000E+00  
 -1.00000E+00  1.00000E+00 -4.02000E+00  3.31000E+00 -1.61000E+01 -8.00000E-01  
  5.00000E+01 -2.00000E+00  1.00000E+00  3.53000E+00 -4.22000E+00 -1.26000E+01  
 -8.00000E-01 -6.00000E+00 -1.00000E+00  1.00000E+00  1.01900E+01 -1.13300E+01  
  1.89000E+01 -8.00000E-02 -2.00000E+00 -1.00000E+00  1.00000E+00  3.01000E+00  
 -3.72000E+00  1.85000E+01 -8.00000E-01 -1.70000E+01 -1.00000E+00  1.00000E+00  
  1.01900E+01 -1.13300E+01 -5.00000E-01 -8.00000E-02  2.00000E+00 -1.00000E+00  
  1.00000E+00  3.09000E+00 -3.80000E+00  1.50000E+00 -8.00000E-01 -1.70000E+01  
 -1.00000E+00  1.00000E+00  3.01000E+00 -3.72000E+00 -1.59000E+01 -8.00000E-01  
  2.00000E+01 -7.50000E-03 -4.00000E-02 -4.75000E-02 -9.05000E-01  1.00000E+00  
 -5.88000E+00  1.45000E+01  1.94000E-01 -1.00000E+00  1.00000E+00  7.30000E-01  
 -4.93000E-01 -7.63999E+01  4.35000E+01  1.65000E-01 -1.00000E+00  1.00000E+00  
  2.00000E+00 -4.19000E-01  5.24000E+01 -4.88000E+01 -1.00000E+00  1.00000E+00  
 -1.38100E+01  1.73000E+01  7.02000E+00 -3.48000E+00  4.30000E+01 -1.00000E+00  
  1.00000E+00 -1.25100E+01 -5.80000E+00  7.50000E+00 -3.48000E+00  4.00000E+01  
 -1.00000E+00  1.00000E+00 -1.45400E+01  1.38500E+01 -1.15000E+01 -3.44000E+00  
 -1.00000E+01 -1.00000E+00  1.00000E+00 -1.45400E+01  1.38500E+01 -3.55000E+01  
 -3.44000E+00  1.70000E+01  1.66000E-01  1.00000E+00  1.00000E+00 -4.38000E+00  
 -4.20000E-01  2.12500E+01 -2.44000E+01  3.44000E-01 -2.00000E-01  2.00000E-01  
  6.00000E-01  1.00000E+00 -1.96000E-01 -2.85000E-01 -3.77000E-01 -6.00000E-02  
 -8.20000E-02  1.00000E+00  1.00000E+00 -1.00000E+00 -1.00000E+00  1.20000E+00  
  3.47000E-01  3.77000E-01  1.00000E+00 -1.61400E+01  2.73100E+01 -5.00000E+00  
 -6.18000E-01  1.00000E+00  1.00000E+00  1.00000E+00 -1.00000E+00 -3.00000E-01  
 -7.00000E-01  1.00000E+00 -7.00000E-01 -3.00000E-01  1.00000E+00  9.31000E-02  
  1.01000E-01  1.52000E-01  1.00000E-02 -1.00000E+00  4.00000E-02 -1.01000E-01  
  1.15700E+00  1.00000E+00  6.97000E-01 -1.90000E-01  8.29000E-02  7.39999E-02  
  1.12000E-01  1.00000E-02 -1.00000E+00  4.00000E-02 -9.55999E-02  9.09000E-01  
  1.00000E+00  7.64000E-01 -1.90000E-01  1.00000E+00 -1.00000E+00  1.00000E+00  
 -1.00000E+00  9.33000E-02  7.60000E-02  1.13000E-01  1.00000E-02 -6.67000E-01  
 -3.33000E-01  4.00000E-02 -9.55999E-02  8.80000E-01  7.61000E-01 -1.90000E-01  
 -4.40000E-01 -5.60000E-01  1.00000E+00  1.00000E+00 -1.00000E+00  1.00000E+00  
 -2.60000E+00  3.00000E+00 -3.01000E+00  4.00000E+00 -8.00000E+00  1.00000E+00  
 -1.00000E+00  1.00000E+00 -1.60000E+00 -4.90000E+00 -3.33000E+00 -3.00000E+00  
 -1.22000E+00 -1.85000E+01  1.00000E+00 -1.00000E+00  1.00000E+00 -2.70000E+00  
  3.00000E-01 -3.01000E+00  4.00000E+00 -4.00000E+00  1.00000E+00 -1.00000E+00  
  1.00000E+00 -7.60000E+00  1.10000E+01 -1.65000E+00  2.60000E+01 -4.00000E+00  
  1.00000E+00 -1.00000E+00  1.00000E+00 -2.40000E+01 -1.27300E+01  1.19200E+01  
 -1.65000E+00 -1.80000E+01 -1.00000E+00  1.00000E+00 -6.30000E+00  8.00000E+00  
 -1.65000E+00  3.80000E+01  3.00000E+00  1.00000E+00 -1.00000E+00  1.00000E+00  
  1.50000E+00  2.10000E-01 -1.02000E+00 -2.14000E+00 -1.00000E+01 -1.00000E+00  
  1.00000E+00 -1.50000E+01 -1.80000E+00  9.90000E-01 -2.14000E+00 -2.00000E+00  
 -1.00000E+00  1.00000E+00 -3.50000E+00 -1.65000E+00  8.40000E-01 -2.14000E+00  
 -1.00000E+01 -1.00000E+00  1.00000E+00 -1.40000E+01 -4.13000E+00  3.32000E+00  
 -2.14000E+00  1.00000E+01 -1.00000E+00  1.00000E+00  4.00000E+00  3.92000E+00  
 -4.56000E+00 -2.14000E+00  1.00000E+00 -1.00000E+00  1.00000E+00 -1.10000E+01  
 -3.72000E+00  2.91000E+00 -2.14000E+00 -2.00000E+00 -1.00000E+00  1.00000E+00  
 -2.20000E+01 -5.87000E+00  5.06000E+00 -2.14000E+00  1.70000E+01 -5.00000E-02  
 -3.30000E-01 -6.20000E-01  1.00000E+00  9.10300E-01  1.25800E+00 -1.00000E+00  
  2.66700E+00  1.00000E+00 -1.00000E+00  5.00000E+00  1.96000E+00 -1.84000E+00  
  1.10000E+01  1.00000E+00 -1.00000E+00  1.40000E+00 -3.00000E-01  2.00000E-01  
 -2.50000E-01 -5.00000E-02  1.08210E+00  2.13300E+00  1.00000E+00 -1.00000E+00  
  1.00000E+00  3.19700E-01  6.29000E-01  1.00000E+00 -1.00000E+00  2.69100E-01  
  4.40000E-01 -1.00000E+00  1.00000E+00  2.90900E-01  1.00000E+00  5.75000E-01  
  1.00000E+00 -1.00000E+00 -2.28100E+00  1.50000E-01  1.00000E+00  3.14800E-01  
  5.00000E-01  5.00000E-01  5.75000E-01  1.00000E+00 -1.00000E+00  1.30000E+01  
  1.01000E+00  4.00000E-03  1.00000E-02  1.80000E-02  1.45000E-01  4.40000E-02  
  1.51000E-01  9.00000E-02  3.50000E-02  5.00000E-01 -2.60000E-02  3.00000E-03  
  1.00000E+00  1.00000E+00  9.69000E-01 -7.00000E-02 -2.40000E-01 -3.20000E-01  
 -3.00000E-01 -7.00000E-02  1.00000E+00 -1.00000E+00  1.03000E+00 -1.00000E+00  
  1.04000E+00 -1.42540E+00 -1.00000E+00  1.00000E+00 -1.13870E+00 -1.00000E+00  
  1.00000E+00  1.01090E+00 -1.00000E+00  1.00000E+00  3.96900E-01 -1.00000E+00  
  1.00000E+00  5.34000E-02 -1.00000E+00  2.55000E-01  5.80000E-02  2.40000E-01  
  8.20000E-02  6.50000E-02  7.60000E-02  1.54000E-01  1.17000E+00  1.00000E+00  
 -4.60000E-02 -6.22000E-01 -2.88000E-01 -8.00000E-02  1.00000E+00 -1.00000E+00  
  1.00000E+00  5.85000E-02  3.40000E-02  4.15000E-02  1.00000E-02 -1.00000E+00  
  3.55000E-01  4.37500E-01  2.55000E-02  4.00000E-03  9.91500E-01 -1.00000E+00  
  5.90000E-02  3.58000E-01  4.20000E-01 -5.40000E-02 -7.50000E-02  1.35000E-01  
  1.00000E-01  1.02600E+00 -3.74000E-01  1.62000E-01  4.30000E+00 -1.59000E-01  
  9.96000E-01 -1.80000E-02 -1.00000E+00  5.50000E-02  3.59000E-01 -4.60000E-02  
  2.22000E-01  3.64000E-01  3.83000E+00 -4.26000E+00 -1.27000E+01 -2.34000E-01  
 -4.11000E+00  1.01000E+00  3.50000E-03  5.00000E-04  7.00000E-03  6.70000E-02  
  1.07000E-01  3.20000E-02  3.30000E-02  1.70000E-01  1.58000E-01  5.70000E-02  
  3.65000E-01 -2.47000E-02  1.05200E+00  9.50000E-01  1.00000E+00  1.01000E+00  
  1.00000E-03  4.00000E-03  4.40000E-02  9.30000E-02  2.70000E-02  3.00000E-02  
  1.41000E-01  1.93000E-01  6.89999E-02  3.98000E-01 -2.64000E-02  1.02400E+00  
  9.92000E-01  1.00000E+00  1.01000E+00  1.70000E-02  7.00000E-03  5.90000E-02  
  9.80000E-02  5.10000E-02  1.05000E-01  1.20000E-02  1.49000E-01  2.40000E-02  
  4.78000E-01 -2.15000E-02  1.04300E+00  1.00000E-01 -1.60000E+00  5.00000E-01  
  1.00000E+00  1.00000E+00 -1.00000E+00  1.00000E+00 -1.00000E+00 -6.70000E-02  
  9.60000E-01  1.14300E+00  1.67000E+01 -1.04600E+01 -3.36000E+01  5.65600E-01  
  8.08000E-01  1.00000E+00 -1.00000E+00  1.00000E+00  4.62200E-01  7.25000E-01  
  1.00000E+00 -1.00000E+00  1.00000E+00  1.00000E+00                            
