1UNSYMMETRIC BASIS FROM LP PROBLEM BP                                   BP   600
          1021            64           261           696             0          
RUA                      822           822          4172             0          
(13I6)          (16I5)          (1P6E13.5)                                      
     1     2     3     4    14    20    21    22    23    24    25    32    33  
    40    56    68    72    79    83    84    90    98   112   113   114   115  
   116   117   125   137   151   152   153   154   156   157   158   159   160  
   161   162   163   164   168   169   170   176   177   178   185   198   199  
   200   201   202   203   204   205   206   207   223   224   225   232   239  
   242   249   250   251   253   254   255   256   257   264   265   280   286  
   287   288   290   294   302   311   320   329   330   331   332   333   337  
   353   354   363   364   365   366   367   368   377   380   386   387   388  
   389   390   391   398   399   400   401   402   403   404   414   415   429  
   430   436   437   438   440   446   447   448   455   456   457   464   465  
   472   473   486   487   493   494   503   504   505   506   507   511   512  
   513   515   516   517   518   526   527   528   535   537   544   545   552  
   553   554   560   562   569   577   578   586   587   588   589   597   604  
   605   614   615   623   626   627   628   630   634   635   636   651   652  
   653   654   655   656   657   658   662   663   665   674   675   676   678  
   679   680   681   682   683   684   685   686   687   688   689   690   691  
   698   705   708   709   717   724   742   743   749   755   756   763   773  
   780   788   795   803   810   817   824   828   835   841   842   843   844  
   851   852   853   854   862   867   868   884   885   892   899   900   901  
   902   903   904   905   906   913   920   927   935   940   941   949   950  
   951   960   961   975   984   996   997   998   999  1000  1007  1008  1014  
  1015  1024  1031  1032  1033  1034  1035  1036  1037  1038  1045  1052  1059  
  1066  1073  1074  1075  1076  1077  1078  1079  1080  1081  1082  1090  1098  
  1099  1100  1101  1102  1108  1109  1110  1111  1113  1115  1117  1119  1135  
  1136  1138  1140  1143  1146  1149  1152  1158  1166  1169  1172  1175  1178  
  1181  1184  1186  1189  1192  1195  1198  1201  1204  1207  1210  1213  1216  
  1219  1222  1225  1228  1231  1234  1240  1244  1246  1250  1254  1258  1262  
  1264  1267  1281  1285  1289  1293  1297  1305  1313  1321  1326  1334  1343  
  1345  1351  1357  1363  1372  1381  1390  1393  1395  1401  1414  1422  1432  
  1440  1449  1455  1461  1467  1476  1484  1491  1492  1502  1510  1518  1522  
  1528  1531  1535  1541  1544  1546  1548  1552  1558  1568  1570  1578  1591  
  1595  1596  1610  1612  1614  1616  1619  1622  1625  1628  1630  1638  1640  
  1642  1644  1646  1654  1661  1674  1676  1677  1691  1698  1711  1724  1726  
  1730  1734  1744  1750  1752  1754  1762  1764  1766  1773  1778  1780  1788  
  1791  1796  1805  1811  1819  1826  1832  1836  1840  1847  1854  1857  1861  
  1868  1874  1876  1882  1884  1888  1890  1898  1900  1904  1911  1915  1919  
  1923  1924  1931  1936  1943  1950  1954  1966  1973  1981  1989  1996  2003  
  2009  2016  2022  2028  2038  2040  2045  2052  2059  2066  2071  2072  2077  
  2082  2087  2093  2095  2099  2104  2108  2114  2117  2119  2122  2124  2127  
  2132  2134  2142  2156  2158  2163  2169  2174  2178  2183  2188  2192  2197  
  2201  2208  2216  2224  2231  2241  2251  2258  2266  2270  2275  2280  2286  
  2292  2296  2300  2306  2307  2312  2316  2322  2326  2330  2335  2342  2348  
  2352  2358  2364  2370  2376  2387  2393  2396  2403  2408  2413  2417  2425  
  2430  2435  2442  2448  2451  2463  2473  2484  2489  2498  2502  2507  2512  
  2517  2523  2527  2533  2542  2546  2551  2556  2560  2565  2572  2579  2585  
  2592  2595  2603  2606  2610  2614  2618  2623  2628  2632  2636  2640  2648  
  2653  2657  2665  2670  2683  2689  2695  2702  2709  2713  2717  2721  2726  
  2730  2736  2739  2747  2754  2759  2770  2776  2781  2782  2790  2797  2805  
  2820  2831  2834  2845  2855  2865  2881  2885  2888  2907  2917  2921  2925  
  2932  2939  2946  2953  2960  2967  2974  2989  2991  2993  3000  3008  3012  
  3016  3029  3034  3039  3046  3060  3064  3066  3071  3074  3078  3085  3105  
  3109  3115  3127  3140  3145  3149  3154  3156  3160  3165  3171  3179  3187  
  3195  3203  3211  3219  3227  3235  3242  3249  3251  3257  3263  3270  3277  
  3278  3286  3295  3296  3297  3299  3306  3317  3325  3332  3337  3344  3351  
  3367  3383  3386  3392  3397  3401  3403  3409  3413  3415  3422  3432  3440  
  3449  3456  3463  3467  3478  3490  3492  3496  3516  3518  3525  3532  3534  
  3538  3545  3553  3557  3562  3569  3576  3592  3593  3600  3608  3629  3636  
  3642  3649  3655  3662  3669  3676  3681  3688  3695  3702  3709  3716  3723  
  3736  3743  3750  3757  3764  3770  3772  3779  3795  3802  3806  3812  3814  
  3816  3825  3827  3830  3833  3844  3855  3857  3859  3870  3874  3875  3876  
  3884  3887  3897  3901  3908  3915  3922  3929  3936  3943  3950  3954  3959  
  3965  3971  3976  3980  3984  3992  3999  4014  4020  4031  4042  4045  4053  
  4056  4059  4070  4075  4077  4087  4101  4113  4120  4135  4148  4154  4155  
  4162  4167  4172  4173                                                        
    1   26   72  679  690  701  721  722  723  724  725  742  759  418  453  502
  503  504  520   93   94   95   97   98  307  325  353  354  355  356  357  100
   48   77  112  114  116  117  119  365  366  375  376  377  379  385  389  393
  395  409  410  506  513  514  521    1  297  299  300  303  316  333  338  341
  342  343  344    1   19   25  811    1   33   87  325  353  355  356    1   25
  448  601  107  167  225  272  273  274  275    1   70   75  106  107  108  109
  110    1   43   44   47   56   70   71   75   93  106  107  108  109  110  111
  112  113  114  115    1  429  471  472  473  474  475  505    1  375  376  378
  381  382  406  409  419  469  506  522  672  676  690  693  699  704  712  726
  727  728  729  730  731  742  119  120  121   70   71  123  124  125  126  127
  128  129  130  705  733  734  750  132  133   52   86  134  135  136  137  135
  136  312  332  358  359  360  361  362    1   37   40   42   43   44   47   48
   50   70   71   91   92  213  230  231  232  233  234  235  236  237    1  150
  151  170  188  189  190  193  194  221  235  267  268  269  270  271  240  241
    1  198  229  242  243  244  245    1  186  198  242  243  244  245    1  242
  245  157  193  202  237  246  247  248  248   31  467  468  251  252  253  254
  306  332  358  359  360  361  362  256    1  375  376  384  389  431  464  476
  477  478  479  480  506  521  522  172  225  272  273  274  275  259  260   45
   46    1  187  188  195  190  213  220  261  262  263  265  266  163  213  220
  261  262  263  264  265  266  173  213  220  261  262  263  264  265  266  219
  220  221  263  266  267  268  269  271  267  109  269  270    1   25  155  289
    1  150  151  177  188  189  191  193  194  221  235  267  268  269  270  271
  273  165  213  220  261  262  263  264  265  266  275  276  277  278  279    1
   19   25   32  226  280  281  282  284    1  141  813  191  226  280  281  282
  284  283  284  296  334  335  180  221  267  268  269  270  271  337  338  339
  340  341  342    1   25  707  737  738  739  740  741  743  811  344    1   43
   44   47   57   70   71   75   93  106  107  108  109  110  346    1   51   59
   65   67   70  348  349  322  323  307  322  349  350  351  352  352  353  314
  325  353  354  355  356  357  355  356  306  325  353  354  355  356  357  358
  185  221  267  268  269  270  271  360    1  297  299  300  302  304  318  333
  338  345  346  347  348  357    1   25   28  319  364  594  365    1  382  431
  476  477  478  479  480  506  461  462  463  464    1   33  139  320  466  467
  191  192  469  470  472  163  214  255  256  257  258  259  260  474  475  389
  457  523  524  525  526  527  675  676  173  226  280  281  282  283  284  480
  393  446  490  491  492  493  494  483  484  387  453  502  503  504  520  678
  690  404  443  485  486  487  488  489    1   13   25   31  598  627  628  629
  489  422  450  498  499  500  501  508  516  491  492  493    1  671  692  713
  718  719  720  753  179  226  280  281  282  283  284  496  416  418  445  470
  495  496  497  506  521  498  387  450  498  499  500  501  508  516    1  368
  813  501  502  149  150    1   14   25  446  507  508  144  149  151  153  156
  161  163  165  170  176  193  194  231  232  279  510  511  512  513  514  515
  516    1   33   86  327  519   67   69    1   47   71   79   97  113  115  118
  120  524  525   46   47  527  534  539  583  586  596  612  613  614  615  616
  617  618  557  607  648  649  650  651  652    1  585  589  619  620  621  622
  589  590  619  624    1  577  578  591  623  624  625  626    1  576  591  623
  624  625  626  532  533  534  537  540  541  543  544  545  546  547  555  557
  562  582  613  614  615  628    1  332  359  360  361  792    1   12   25   31
  598  629  631  558  600  632  633  634  635  636    1   25   31  446  491  492
  493  494  510  800  552  600  632  633  634  635  636  545  600  632  633  634
  635  636  637  552  558  567  569  575  582  616  171  210  249  250  251  252
  253  254  556  609  653  654  655  656  657  578  602  638  639  640  641  642
  557  602  638  639  640  641  642  547  551  554  599  558  602  638  639  640
  641  642    1   58   59   65   67   70  644  645  646  552  558  565  569  575
  582  616  648  649  650  546  547  607  648  649  650  651  652    1   25   28
  594  798  653  531  537  540  541  542  544  545  546  547  554  558  565  582
  613  614  615  655  567  609  653  654  655  656  657  581  609  653  654  655
  656  657  693  698  710  711  712  713  714    1  691  715  716  717  752  757
    1  670  691  713  715  716  717  170  221  267  268  269  270  271    1  668
  692  713  718  719  720  753    1   25  222  452  510  722  676  701  721  722
  723  724  725  742  724  725  682  704  726  727  728  729  730  731  742  727
  672  676  690  693  700  704  712  726  727  728  729  730  731  742  680  704
  726  727  728  729  730  731  742  660  666  667  668  670  673  676  679  680
  685  690  710  726  732  733  734  311  332  358  359  360  361  362  736  707
  737  738  739  741  749  739  676  704  726  727  728  729  730  731  742  672
  707  737  738  739  740  741  741  742  743  752  753  758  759  688  707  737
  738  739  740  741  684  703  760  761  762  763  764  680  703  760  761  762
  763  764  672  703  760  761  762  763  764  683  703  760  761  762  763  764
  765  781  782  783  784  785  786  787  788  546  547  609  653  654  655  656
  657    1   25  701  722  723  724  725  778  814  815  816  818  185  225  272
  273  274  275  820  821  822    1   27    1   28    1   29    1   30  145  147
  151  154  157  161  163  168  169  178  185  193  194  231  232  279   32    1
   25    1  817    1   36  812    1  373  812    1  664  812    1   37  814  173
  225  272  273  274  275  168  214  255  256  257  258  259  260    1  532  814
    1  663  814    1  146  815    1  371  815    1  535  815    1   38  817  391
  392    1  293  817    1  366  817    1  529  817    1  658  817    1  145  818
    1  374  818    1  533  818    1  147  819    1  372  819    1  531  819    1
  536  820    1  665  820    1   35  821    1  662  821    1  148  822    1  370
  822  408  443  485  486  488  489    1   25   27  425    1   74    1   25   27
  432    1   25   27  434    1   25   29  440    1   25   30  441    1   79    1
   25  780    1   43   45   47   57   70   71   74   93  101  102  103  104  105
    1   25   31  447    1   25   32  451    1   25   32  454    1   25   32  227
    1   25  100  302  333  337  364  671    1   70   74  101  102  103  104  105
   66   81  123  124  125  126  128  129   75  106  109  110  139    1   56   74
  101  102  103  104  105   44   81  123  124  125  126  127  128  129    1  377
    1   25  156  384  461  510   47   84  130  131  132  133   47   86  134  135
  136  137   48   81  123  124  125  126  127  128  129   49   81  123  124  125
  126  127  128  129   50   81  123  124  125  126  127  128  129    1  106  107
   67   71   53   86  134  135  136  137    1   54   58   59   67   70   71   86
   90  134  135  136  137    1   55   58   59   63   67   71   94    1  379  431
  460  476  477  478  479  480  506    1   57   74  101  102  103  104  105   58
   81  123  124  125  126  127  128  129   60   84  130  131  132  133   61   86
  134  135  136  137   62   84  130  131  132  133   59   63   71   86   94  134
  135  136  137    1   64   74  101  102  103  104  105  403  446  490  491  492
  493  494  362    1   66   71   79   97  113  115  118  120  122   66   77  112
  114  116  117  119  121    1  385  433  481  482  483  484  506    1   79   80
  122   81   82  123  127  128  129   80   82   83   47   50   52   89   86   88
  134  135  136  137   47   52   85   70   72   42   44    1   25  445  599   59
   86  134  135  136  137    1   25   66  704  726  727  728  729  730  731   41
   73    1   40   41   58   59   67   71   94    1   39   43   45   46   47   49
   51   53   70   71   91   92   74  104  105  138  465  148  149  151  154  156
  161  163  166  175  193  194  231  232  279    1  150    1  152  150  194  150
  151  152    1  238  241  198  199  242  143  193  279  161  193  393  445  470
  495  496  497  506  521  193  214  297  340  297  299  297  300    1   25  100
  303  333  337  364  670  424  457  523  524  525  526  527    1   38   43   45
   46   47   49   51   53   70   71   91  111  301  319  102    1  375  376  385
  389  433  464  481  482  483  484  506  521  522  313  325  353  354  355  356
  357    1  297  299  300  302  304  318  333  338  345  346  347  348    1  297
  299  300  303  305  316  333  338  341  342  343  344  325  333  316  317  341
  342  318  320  345  346  395  443  470  485  486  487  488  489  506  521  325
  327  353  354  355  356  366  506  369  506    1   56   75  106  107  108  109
  110  376  522  376  378  403  443  485  486  487  488  489  389  394  405  408
  444  505  506    1   25   43   44   98  100  140  798    1  476  480    1   33
   47   53  326  545  546  600  632  633  634  635  636  637  408  446  490  491
  493  494  546  547  598  627  628  629  630  631  391  443  485  486  487  488
  489  394  443  486  487  488  489  389  392  441  506    1   25  749  810  396
  443  485  486  487  488  489  397  443  485  486  487  488  489  543  594  781
  387  517  518  519  416  446  490  491  492  493  494  389  453  502  503  504
  520  407  506  446  448  490  491  492  493  390  506    1   25  438  594  453
  506  396  445  470  495  496  497  506  521  441  442  389  393  441  506    1
   12   25   31  443  485  486  431  432  476  512  433  434  481  512  453  456
  503  504   99  406  443  485  486  487  488  489  417  445  495  496  497  545
  607  648  649  650  651  652    1   14   25   31  214  256  260  390  517  518
  519  446  450  490  491  492  493  498  499  500  501  508  516  409  457  523
  524  525  526  527  402  410  415  418  420  449  467  506  402  413  415  418
  420  449  467  506  388  457  523  524  525  526  527  386  457  523  524  525
  526  527  402  453  502  503  504  520  412  457  523  524  525  526  527  411
  453  502  503  504  520  414  453  502  503  504  520  446  453  490  491  492
  493  502  503  504  520  677  690    1   25   32  611  810  421  450  498  499
  500  508  516  427  457  523  524  525  526  527  428  457  523  524  525  526
  527    1   25  707  800  801  280  399  423  506  507  521  400  422  506  507
  521  401  421  506  507  521  419  453  502  503  504  520  666  690  452  453
  503  504  453  455  502  504  520  457  459  525  526  457  458  523  524  525
  526    1  538  539    1  540    1  539  541  537  540    1  619  620  602  603
  638  639  642  667  714    1   25  691  715  716  717  752  805    1   43   45
   47   56   70   71   74   93  101  102  103  104  105    1  798    1   25   28
  594  799    1   25   27  425  510  803    1   25   27  425  774    1   25  197
  432    1   25   27  197  746    1   25  432  510  590    1   25  199  434    1
   25   27  199  745    1   25  434  592    1   25   27  433  481  510  807    1
   25  692  718  719  720  753  807    1    8   25   27  433  481  484  512    1
    8   25   27  591  623  624    1    8   25  510  691  692  716  717  719  720
    1    7   25  510  691  692  716  717  719  720    1   25   27  433  481  510
  806    1  301  316  338  341  342  343  344    1   25  201  594    1   25   28
  201  694    1   25   28  201  766    1   25   28   57  140  285  175  225  272
  273  274  275    1   25  285  439    1   25  285  593    1   25   28  285  669
  713  494    1   25   28  695  798    1   25  206  440    1  798  800  801  802
  817    1   25  206  290    1   25  290  597    1   10   25   29  206    1   25
   30   76  140  442  510    1   25  207  276  442  510    1   25  442  595    1
   25   30  442  510  699    1   25   30  442  510  808    1   25   30  207  276
  747    1    9   25   30  207  276    1   12   25   77  112  114  116  119  121
  140  510    1   12   25   31  210  252  379  438  781    1   12   25  510  701
  721  724    1   12   25  510  767    1   12   25   31  777    1   33   79  321
    1   25   31  214  256  257  260  748    1   25  701  742  800    1   25  701
  742  809  547  598  627  628  629  630  631    1   14   25   31  600  634  767
  768  769    1  375  376  378  381  382  407  409  418  469  506  522    1   11
   25   77  112  114  119  121  140  510    1   25   31  214  255  256  257  258
  259  260  778    1   13   25   31  444    1  376  429  471  472  473  474  475
  506    1   25  291  601    1   25   31  291  702    1   25  212  448  510    1
   25   81  800  801  424  453  502  503  504  520    1   33   83  324    1   25
   32  409  510  769    1   25   81  123  124  127  128  129  704    1   25  793
  800    1   15   25   31  447    1   15   25   31  604    1   25  323  704    1
   16   25   31  447  552  602  638  639  640  641  642    1   86  134  135  136
  137  789    1  705  733  734  736  789    1   84  130  131  132  133  790    1
  330  790    1  703  760  761  762  763  764  790    1  790  811    1   25  219
  451    1   25  219  606    1   25  224  455    1   25   32  224  708    1   25
   32  224  770    1   25  224  286    1   25  224  292    1   25  292  611    1
   52   58   59   60   67   71   94    1   25   32  455  794    1   25  705  795
    1   65   74  101  102  103  104  105    1   18   25   32  219    1   36   43
   45   46   47   48   50   55   70   71   91   92    1   25   28   57  140  594
    1   25  454  502  520  610    1   25   32  610  706  733  734    1    3   25
   32  454  502  520    1   25   89  797    1   25  328  797    1   25  223  454
    1   25   32  223  771    1   25  223  287    1   25  743  750  800  801  450
  451  501    1    4   25   32  607  648  649  650    1   25  457  523  525  526
  779    1   84  132  133  791  221  222  226  267  268  269  271  280  281  282
  284  609  611  653  654  655  657    1    5   25   32  453  509    1   25   43
   57   98  100  140  671    1  692  718  719  720  753  755    1    7   25   27
  379  382  505  512  365  370  375  376  377  379  384  387  389  394  405  409
  506  513  521    1   25   27  431  476  477  478  479  480  510  756    1  294
  813    1   25   27  431  476  477  478  479  480  510  805    1   25  431  476
  477  478  479  480  510  585    1   25  431  476  477  478  479  480  510  584
  294  297  299  300  301  303  305  306  308  310  312  333  334  335  336  337
    1   33   48  308    1  295  814  365  373  375  376  377  379  385  389  392
  396  402  409  415  418  423  449  467  506  521    1   25   31  221  267  268
  269  270  271  800    1   33   50  310    1   33   51  309  423  457  523  524
  525  526  527    1   25   32  453  510  520  772    1   25   32  453  510  520
  773   24  221  267  268  269  270  271   21  221  267  268  269  270  271   22
  221  267  268  269  270  271   23  221  267  268  269  270  271    1  150  151
  178  188  189  190  193  194  221  235  267  268  269  271  179  193   19   20
    1  142  201  207  214  224  816    1  528  594  595  596  600  609  816    1
  367  798  817    1  659  798  817    1   34   42   43   44   47   48   50   52
   70   71   91   92    1   46   47   49   78    1   64   68   70   95    1   43
   45   46   47   76  111    1   53   58   59   61   67   70   71   86   90  134
  135  136  137  154  155  277  781  153  154  159  202  246  247  248  153  200
  781  153  158  200  781    1  181  198  242  243  244  245   23  143  145  149
  151  155  158  160  162  165  169  171  178  193  194  231  232  277  279  781
  153  157  200  781    1   25   27  198  242  807    1  375  376  380  384  435
  437  464  505  506  521  522    1  150  151  154  158  193  194  196  234  238
  239  240  241  160  202  246  247  248  161  163  193  203  156  160  161  162
  207  183  228  422  517  518  519  163  193  206  208  236  161  163  193  203
  204  236  164  210  249  250  251  252  253  254  165  214  255  256  257  258
  259  260  166  210  249  250  251  252  253  254  167  210  249  250  251  252
  253  254  168  210  249  250  251  252  253  254  169  210  249  250  251  252
  253  254  170  214  255  256  257  258  259  260  171  214  255  256  257  258
  259  260  308  325  353  354  355  356  357  184  221  267  268  269  270  271
  185  228  176  225  272  273  274  275  398  453  502  503  504  520  173  221
  267  268  269  270  271  174  226  280  281  282  283  284  261  415  445  470
  495  496  497  506  521  180  213  220  261  262  263  264  265  266  257  336
  186  193    1  189  196  238  239  240  241    1  297  299  300  302  316  333
  338  341  342  344  191  210  249  250  251  252  253  254    1  196  229  238
  239  240  241  214  215  257  258  260  214  216  255  256  257  258  260  160
  161  162  163  164  170  209  293  297  299  300  301  302  304  306  307  309
  311  333  334  335  336  337  295  297  299  300  301  303  305  306  308  310
  313  333  334  335  336  337  297  298  299  306  322  349  350  351  352  311
  314  315  333  339    1   33   74  317  315  363  329  332  358  359  360  361
  306  321  331  332  375  376    1  383  429  472  473  474  475    1  379  429
  460  471  472  473  474  475  506    1  380  429  471  472  473  474  475    1
  381  429  471  472  473  474  475  506    1  379  383  425  460  505  506    1
  379  383  426  460  505  506    1   25  182  436    1  375  376  380  385  435
  464  505  506  521  522    1  375  376  380  385  435  437  464  505  506  521
  522  506  521  429  430  471  512  365  368  375  376  377  379  384  386  389
  391  396  409  416  418  422  468  506  513  514  521  537  582    1  541  589
  619  620  621  622    1  584  589  619  620  621  622  542  543  544  582  583
  586  557  600  632  633  634  635  636  545  546  602  638  639  640  641  642
  545  546  594  781  545  546  547  595  596  547  605  643  644  645  646  647
  548  598  627  628  629  630  631  530  537  540  541  543  544  545  546  547
  550  557  561  582  613  614  615  625  555  598  627  628  629  630  631  548
  556  605  643  644  645  646  647  365  374  375  376  377  379  384  389  393
  404  409  414  417  419  424  467  506  513  514  515  521  558  607  648  649
  650  651  652  566  568  573  578  582  616  559  607  648  649  650  651  652
  560  568  570  578  582  616  562  607  648  649  650  651  652  561  607  648
  649  650  651  652  563  609  653  654  655  656  657  564  568  572  582  616
  579  600  632  633  634  635  636  567  607  648  649  650  651  652  574  609
  653  654  655  656  657  570  605  643  644  645  646  647  573  607  648  649
  650  651  652  571  605  643  644  645  646  647    1   17   25   32  547  571
  572  607  648  649  650  651  652  575  607  648  649  650  651  652  546  547
  556  607  608  650  652    1  576  589  619  620  621  622    1  543  591  623
  624  625  626  563  568  571  578  582  616  578  579  580  609  653  654  655
  656  657  532  537  540  541  543  544  545  546  547  549  556  563  582  613
  614  615    1  587  589  619  620  621  622    1   25  430  588  547  550  553
  557  558  599  548  549  667  690    1   25  433  481  482  483  484  510  584
  668  669  668  671  696  671  672  696    1  666  667  668  670  672  690  711
  713  754  758    1  666  667  668  670  672  690  711  713  755  758  672  674
  672  673    1  666  667  668  671  674  676  690  711  757  758  674  675  693
  699  735  490  681  701  721  722  723  724  725  742  707  708  737    1   25
   31  600  632  633  635  636  637  780  182  186  187  193  684  705  732  733
  734  735  736  685  705  732  733  734  735  736  686  705  732  733  734  735
  736  687  705  732  733  734  735  736  678  703  760  761  762  763  764  689
  705  732  733  734  735  736  683  705  732  733  734  735  736  676  677  684
  709    1   25  692  718  744  705  732  733  734  736  751  803  804  805  806
  807  810    1   25   27  426  775    1   25  195  430    1   25  195  288    1
    6   25   27  429  471  475  512    1   17   18   25   32  450  501  141  149
  151  153  156  160  162  164  170  172  193  194  231  232  279  160  162  163
  167  171  211    1  538  540  541  568  576  577  578  580  582  617    1  538
  540  541  569  576  577  579  581  582  617    1   34  813    1  301  318  338
  345  346  347  348    1  530  813    1  660  813    1   59   64   65   66   67
   68   69   70   95   96  160  161  162  164  205  190  192    1  150  151  154
  158  186  187  193  194  234  173  177  179  180  191  193  217  221  233  267
  268  269  270  271  162  175  177  178  193  218  221  267  268  269  270  271
  548  602  638  639  640  641  642  535  537  541  542  544  545  546  547  553
  558  567  582  613  614  615  661  666  667  669  671  674  675  676  677  678
  686  690  710  672  675  677  693  697  698  202  153  193  202  237  246  247
  248    1   25   28  202  776    1   25   28  202  796    2                    
  1.00000E+00  1.00000E+00  1.00000E+00 -1.00000E+00 -5.50000E-02  1.00000E+00  
 -3.80000E+00 -3.00000E+00 -3.01000E+00  7.00000E+00 -6.50000E+00  1.00000E+00  
  1.00000E+00 -1.00000E+00  1.00000E+00 -9.23000E+00  4.30000E+01 -1.60000E+01  
  8.56000E+00  1.00000E+00  1.00000E+00  1.00000E+00  1.00000E+00  1.00000E+00  
 -1.00000E+00  1.00000E+00 -2.22200E+01  1.91300E+01 -2.72000E+01 -6.40000E+01  
 -4.00000E+00  1.00000E+00 -1.00000E+00  1.00000E+00  7.10000E-01 -2.16000E+00  
  2.75000E+00 -3.17000E+00 -1.00000E+00  1.00000E+00  1.01000E+00  2.40000E-03  
  9.90000E-03  2.20000E-03  3.82000E-02  1.08100E-01  2.42000E-02  1.01000E-01  
  9.29000E-02  5.00000E-03  6.09300E-01 -1.70000E-02  1.00000E+00 -1.00000E+00  
  4.80000E-03  1.51000E-01  1.04000E-01  7.00000E-02  1.04000E-01 -1.00000E+00  
  7.22000E-01 -1.26000E-01  1.00000E+00 -2.74000E+00 -5.10000E+00 -1.40000E+00  
 -1.94000E-01  1.61870E+00  1.00000E+00  2.67500E+00  1.00000E+00  1.18760E+00  
  1.00000E+00  1.00000E+00 -1.00000E+00  1.27000E+00  6.00000E+00  1.00000E+01  
  3.10200E-01  4.92000E-01 -1.00000E+00  1.00000E+00  1.00000E+00 -1.00000E+00  
  1.00000E+00 -2.05700E+01  1.98600E+01 -1.91000E+01 -7.00000E+01  4.95000E-02  
 -1.00000E+00  1.00000E+00 -1.89600E+01 -7.34000E-01 -1.55160E+02  2.18260E+02  
  9.55100E+01  6.50000E-02 -7.45000E-01 -2.55000E-01  2.00000E-02  8.29999E-02  
  6.89999E-02 -8.80000E-02  8.28000E-01  1.06800E+00 -8.80000E-01 -4.70000E-01  
  8.83200E+00 -2.02000E+01 -5.07800E+00  1.00000E+00  1.00000E+00  1.00000E+00  
  1.00000E+00  1.00000E+00  3.08000E-01  1.00000E+00  1.39660E+01 -3.35190E+01  
  7.06000E+00 -6.98000E+00 -4.69000E-01 -1.00000E+00  1.50000E-01  1.40000E-02  
  7.00000E-03  3.90000E-02  1.50000E-01  1.40000E-01  2.15000E-01  2.70000E-01  
 -1.00000E+00  1.13800E+00 -4.70000E-02  8.00000E-02 -6.80000E-01 -1.00000E+00  
 -3.50000E-02  1.55000E+00  1.55000E+00  1.30000E-01  1.00000E+00 -9.60000E-01  
  4.60000E-01  1.71000E+00 -3.90000E+00  1.21000E+00  4.94000E+00  1.30000E-01  
  1.00000E+00  1.00000E+00  1.00000E+00 -1.00000E+00  1.17500E+00  1.00000E+00  
  1.00000E+00  1.00000E+00  1.00000E+00  1.00000E+00  1.00000E+00  1.00000E+00  
  1.00000E+00 -1.00000E+00  7.40000E-01 -7.80000E-01  1.00000E+00  1.00000E+00  
  1.00000E+00 -1.00000E+00  1.00000E+00  3.44000E+00 -4.25000E+00 -8.00000E+00  
  2.40000E+01  1.00000E+00  1.00000E+00 -1.00000E+00  1.00000E+00  5.21000E+00  
 -7.97000E+00  6.00000E+00  1.30000E+01 -8.00000E-01  1.14000E-02  1.01150E+00  
  5.33000E-01  3.70000E-02  1.47000E-01  3.70000E-02  8.00000E-02  7.39999E-02  
  7.30000E-02  1.90000E-02 -2.23000E-02  1.00000E+00  1.00000E+00  1.00000E+00  
  1.00000E+00  1.00000E+00  1.00000E+00  1.00000E+00  1.00000E+00  1.00000E+00  
  1.00000E+00  1.00000E+00  9.50000E-02  2.80000E-02  8.00000E-02 -1.00000E+00  
  1.26000E-01  1.55000E-01  4.05000E-01 -5.10000E-02  8.70000E-02  5.80000E-02  
  1.46700E+00 -1.26900E+00  1.20000E+00  3.20000E+00 -1.64000E-01 -1.28800E+00  
  1.00000E+00  1.00000E+00  8.50000E-02  1.00000E+00  1.00000E+00 -1.66660E+01  
 -4.17000E+00  4.86000E+00 -5.74000E-01  9.80000E-02 -1.00000E+00  1.00000E+00  
  6.66400E+00 -6.96069E+01  2.82060E+01 -6.63000E-01  5.91000E-01 -1.11610E+01  
  1.00000E+00 -1.00000E+00 -6.70000E-02  9.80000E-01  1.00000E+00  3.92000E+00  
  5.39000E-01 -3.43000E+01  1.00000E+00 -1.00000E+00  1.00000E+00 -1.00000E+00  
  1.00000E+00  1.00000E+00  1.00000E+00  1.00000E+00 -1.00000E+00  1.00000E+00  
 -2.39600E+01  2.12000E+01 -1.50000E+01 -8.30000E+01  5.60000E-01  1.00000E+00  
  2.19000E-01  2.30000E-02  3.00000E-02 -7.40000E-01 -2.60000E-01  7.76000E-01  
  9.63000E-01  1.02000E-01  8.68300E+00 -1.55700E+01  7.15000E+00 -2.52000E-01  
 -1.14000E-01  8.60000E-02  8.50000E-02 -1.00000E+00  1.00000E+00 -1.65000E+00  
  9.40000E-01  2.00000E+00 -1.50000E+01  1.00000E+00  1.00000E+00  1.00000E+00  
 -1.00000E+00  3.56000E-01 -5.00000E-01 -5.05000E-01  1.00000E+00 -1.00000E+00  
  1.00000E+00  1.00000E+00 -1.07500E+01  9.25000E+00 -2.10000E+01 -2.50000E+01  
 -8.00000E+00 -1.00000E+00  1.00000E+00  1.00000E+00 -2.26900E+01  2.11900E+01  
 -2.86000E+01  1.52000E+00 -2.50000E+01 -3.10000E+01 -1.00000E+00  1.00000E+00  
  1.00000E+00  5.59000E+00 -7.09000E+00  4.00000E+00 -8.03000E-01  7.50000E+01  
  2.90000E+01  9.33000E-01 -1.00000E+00  6.70000E-02  2.00000E+00 -5.00000E+00  
 -5.14000E-01  4.36000E-01 -2.50000E+00 -6.70000E-01  1.00000E+00  1.00000E+00  
  1.00000E+00  1.00000E+00  2.69200E-01  4.39600E-01 -1.00000E+00  1.00000E+00  
  9.50000E-02  3.60000E-02  7.50000E-02 -1.00000E+00  1.36000E-01  1.67000E-01  
  3.36000E-01 -5.10000E-02  1.06000E-01  7.70000E-02  1.10000E+00 -1.68400E+00  
  1.59000E+00  4.30000E+00 -2.18000E-01 -1.80000E+00  1.00000E+00 -1.00000E+00  
  1.00000E+00  1.00000E+00 -1.49000E+01  1.34000E+01 -2.33000E+01 -4.41000E+00  
 -2.50000E+01 -2.20000E+01  1.00000E+00  1.00000E+00  1.00000E+00  1.00000E+00  
  1.00000E+00  4.90800E-01  1.00000E+00  9.50000E-01  1.00000E+00 -1.00000E+00  
  3.38000E+00 -3.11000E+00  1.20000E+01 -7.50000E+00  1.00700E+00 -1.00000E+00  
  1.00000E+00 -1.00000E+00  1.00000E+00 -1.70300E+01  1.52800E+01 -5.40000E+01  
 -5.00000E+00  1.00000E+00  1.00000E+00  1.00000E+00  1.00000E+00  1.00000E+00  
 -1.00000E+00  1.00000E+00  4.40000E+00 -5.57000E+00 -1.90000E+01 -1.75000E-01  
  1.30000E+01  1.00000E+00  1.00000E+00  1.00000E+00  1.00000E+00  1.00000E+00  
  1.00000E+00  5.38800E-01  9.54000E-01  1.00000E+00 -1.60000E+01 -1.34000E+00  
  7.00000E-01 -1.03000E+00 -4.00000E+00  1.00000E+00  1.00000E+00  1.00000E+00  
  8.22999E-02 -7.45000E-01 -2.55000E-01  2.00000E-02  2.50000E-01  8.80000E-02  
 -9.66000E-02  6.42000E-01  1.00000E+00 -7.74000E+00 -3.50000E-01  2.38600E+01  
 -1.26700E+01 -3.78600E+00  1.00000E+00 -2.70000E-03 -1.00000E+00  1.00000E+00  
 -5.40000E-02  2.30000E-02  3.10000E-02  1.00000E+00  1.00000E+00 -1.00000E+00  
  1.00000E+00 -1.00000E+00  1.00000E+00 -1.86000E+00  1.30000E+00 -2.98500E+01  
 -4.00000E+00  1.00000E+00  1.00000E+00 -1.00000E+00  1.00000E+00 -7.65000E+00  
  4.56000E+00 -1.50000E+01  4.60000E+01 -8.00000E-01  1.00000E+00  1.00000E+00  
 -1.00000E+00  1.00000E+00 -2.99000E+01  2.68000E+01 -3.70000E+01 -9.30000E+01  
  5.60000E-01  1.00000E+00 -1.00000E+00  1.00000E+00 -1.52000E+00  3.50000E-01  
  2.57000E+01 -8.03000E-01 -3.60000E+01  1.00000E+00  1.04000E-01  9.60000E-02  
  6.40000E-02  9.50000E-02 -6.20000E-01 -3.80000E-01  7.45000E-01 -1.20000E-01  
  1.00000E+00 -6.60000E+00 -8.10000E+00 -1.40000E+00 -4.07000E-01  1.00000E+00  
  4.43020E+00  2.45800E+00 -1.00000E+00 -1.00000E+00  1.00000E+00  1.00000E+00  
  1.00000E+00  1.80000E-01 -1.00000E+00  1.00000E+00  3.01500E+00  4.52260E+01  
 -5.08900E+01  2.51300E+01 -3.10000E-01 -2.00000E-03  1.00000E+00  1.00000E+00  
  1.00000E+00  1.00000E+00  1.33540E+00 -1.00000E+00 -1.00000E+00  1.00000E+00  
  1.00000E+00  1.00000E+00 -1.00000E+00  1.00000E+00  1.00000E+00  1.00000E+00  
  1.00000E+00 -1.00000E+00  1.00000E+00  1.80000E+00 -2.41000E+01 -6.10000E+00  
 -1.20000E+00  1.52000E+00  7.42000E+00  1.00000E+00  1.00000E+00 -1.00000E+00  
  1.00000E+00 -3.26800E+01  3.12000E+01 -7.80000E+01 -3.80000E+01  9.50000E+01  
 -1.00000E+00  1.00000E+00 -1.00000E+00  1.00000E+00 -1.32000E+00 -4.30000E-01  
 -1.40000E+01 -8.03000E-01  1.10000E+01  1.00000E+00 -1.00000E+00  1.00000E+00  
  3.94400E+00 -2.87860E+01 -6.80000E+00 -1.40000E+01  2.98700E+00  1.00000E+00  
  1.00000E+00 -1.00000E+00  1.00000E+00  9.70000E-01 -2.10000E+01 -1.45000E+01  
 -1.64000E+00 -1.00000E+00  1.04400E+00 -1.00000E+00  1.00000E+00 -1.95000E+00  
  2.36900E+01 -9.20000E+00 -1.80000E+01 -3.48600E+00  5.16800E-01  1.00000E+00  
  7.29000E-01  1.00000E+00 -1.00000E+00 -1.50000E+00  5.00000E+00  6.10000E-01  
  1.00000E+00 -1.00000E+00  1.00000E+00  1.64100E+01  1.10000E+01 -1.77400E+01  
  2.60000E+00  1.00000E+00 -3.00000E+01  1.00000E+00  1.00000E+00  1.00000E+00  
  1.00000E-01 -1.00000E+00  1.00000E+00  1.00000E+00  3.12600E+01  3.02900E+01  
 -4.21400E+01 -5.86000E-01 -1.00000E+00  1.00000E+00 -7.66000E+00  5.91000E+00  
  3.30000E+01 -2.54900E+00  3.00000E+00  1.00000E+00 -6.12000E-01 -4.08000E-01  
  1.00000E+00  1.40000E-02 -3.57500E+00  6.70000E+00  5.42720E+01 -2.30000E-02  
  1.30000E-02  1.00000E+00 -1.00000E+00  1.00000E+00  8.90000E+00  1.60000E+01  
 -1.01500E+01 -4.50000E+00  1.00000E+00 -3.00000E+01  9.83900E-01 -1.00000E+00  
  1.00000E+00  1.00000E+00  1.00000E+00 -1.00000E+00  1.00000E+00  2.07900E-01  
 -1.00000E+00  4.37500E-01  1.00000E+00  1.00000E+00  1.00000E+00  1.01000E+00  
  2.00000E-03  1.20000E-02  5.60000E-02  8.90000E-02  7.60000E-02  9.00000E-02  
  1.00000E-01  3.20000E-02  5.41000E-01 -2.30000E-02  2.00000E-03  1.00000E+00  
  1.00000E+00  1.02100E+00  1.00000E+00  1.00000E+00  1.00000E+00  1.00000E+00  
  1.00000E+00  1.00000E+00  1.00000E+00  1.31060E+00 -1.00000E+00 -1.00000E+00  
  1.00000E+00  1.00000E+00  1.00000E+00 -1.00000E+00  2.18000E-02 -1.00000E+00  
 -4.09000E-02  9.97000E-01  9.33000E-01 -4.76000E+00  3.31000E+00  2.30000E+00  
 -1.19600E+01  1.00000E+00  1.00000E+00 -1.00000E+00  1.00000E+00  1.00000E+00  
  1.00000E+00  1.00000E+00  1.00000E+00  1.00000E+00  1.00000E+00  1.00000E+00  
  1.00000E+00  1.00000E+00  1.00000E+00  1.00000E+00  1.00000E+00  1.00000E+00  
 -1.00000E+00  1.00000E+00 -1.61600E+01  1.54500E+01 -5.90000E+00 -3.47000E+00  
 -3.70000E+01  1.56000E-01  1.00000E+00  1.00000E+00 -3.76000E+00 -3.97000E-01  
  6.85000E+01 -5.13000E+01 -1.00000E+00  1.00000E+00  1.32000E+00  1.00000E+00  
  8.50000E-02 -1.27000E+00  2.70000E-01  1.00000E+00 -1.51000E+01 -5.74000E-01  
  5.26000E+01 -5.01000E+01  9.69999E-02 -1.00000E+00  1.00000E+00 -1.97000E+01  
 -6.58000E-01 -7.63999E+01  4.35000E+01  8.08000E-01  2.02000E-01  2.02000E-01  
  1.70000E-03  2.00000E-03  1.04000E-02  6.21000E-02  7.78000E-02  2.10000E-02  
  2.50000E-02  1.09600E-01  1.25600E-01  4.98000E-02  5.15000E-01 -2.13000E-02  
  1.00400E+00  1.00320E+00  1.00000E+00  1.00000E+00  3.00150E+00 -1.00000E+00  
  7.80000E-01 -1.00000E+01  1.90000E+01  1.00000E+00  5.16800E-01  1.00000E+00  
  7.29000E-01  1.00000E+00 -1.00000E+00 -4.08000E+00  1.00000E+00 -1.00000E+00  
  1.00000E+00 -4.20000E+00 -7.40000E+00  1.14380E+02 -3.61000E+00  7.00000E+00  
  1.48030E+00  2.45800E+00 -1.00000E+00  1.00000E+00 -1.33330E+01 -2.00000E-01  
 -1.00000E+01 -7.00000E-01  1.00000E+00  1.00000E+00 -1.00000E+00  1.00000E+00  
 -3.52000E+00 -8.30000E+00  8.20000E-01 -2.94000E+00  7.00000E+00 -1.00000E+00  
  1.00000E+00  1.05800E+01 -8.50000E+00 -2.14800E+01  5.68000E+01 -7.00000E+00  
 -1.00000E+02 -3.70000E-02 -8.00000E-03 -1.00000E+00  7.70000E-01  2.75000E-01  
 -1.54000E-02  1.24600E+00 -1.00000E+00  1.00000E+00 -6.80000E+00  1.33700E+02  
  9.80000E+00 -4.50000E-01 -3.56000E+00 -1.00000E+01 -1.00000E+00  1.00000E+00  
 -1.70200E+01  1.63300E+01 -2.22000E+01 -3.47000E+00 -2.40000E+01 -1.00000E+00  
  1.00000E+00 -9.66000E+00  1.23000E+01 -1.16600E+01 -3.48000E+00  1.33000E+00  
 -1.00000E+00  1.00000E+00 -2.71000E+00 -9.00000E-01  1.05460E+02 -3.47000E+00  
 -5.02000E+00 -3.10000E-01 -3.10000E-01 -3.80000E-01  1.00000E+00 -1.00000E+00  
  1.00000E+00 -1.37000E+00 -1.24000E+01  1.06370E+02 -3.61000E+00 -1.84000E+00  
 -1.70000E-03 -1.00000E+00  1.00000E+00 -3.40000E-02  1.50000E-02  1.90000E-02  
  1.00000E+00  1.00000E+00  1.00000E+00 -7.30000E-02 -1.60000E-02 -1.00000E+00  
  6.30000E-01  4.59000E-01 -1.54000E-02  1.02000E+00  1.00000E+00  1.00000E+00  
  1.00000E+00 -1.60000E-01 -8.40000E-01  1.00000E+00 -3.02600E+01  2.95500E+01  
 -1.70000E+01  6.62000E+00 -9.90000E+01  1.68900E+00  2.68800E+00 -1.00000E+00  
  1.00000E+00  1.00000E+00  1.00000E+00  1.01000E+00  1.00000E-03  1.00000E-03  
  2.00000E-03  3.70000E-02  4.80000E-02  2.00000E-02  2.00000E-02  1.38000E-01  
  2.66000E-01  3.10000E-02  4.36000E-01 -2.64000E-02  9.73000E-01  9.92000E-01  
  1.00000E+00  1.00000E+00 -1.00000E+00  1.00000E+00 -3.50000E+00  2.81000E+00  
 -3.61000E+01 -8.00000E-01  6.30000E+01 -1.00000E+00  1.00000E+00 -1.45400E+01  
  1.38500E+01 -3.55000E+01 -3.44000E+00  1.70000E+01  1.00000E+00  1.00000E+00  
  1.00000E+00  1.00000E+00  1.00000E+00  1.00000E+00  1.00000E+00  1.93000E-01  
  1.00000E+00  1.30000E-01  3.97000E+00 -1.44200E+01 -4.15000E-01 -1.00000E+00  
  2.01000E-01 -1.00000E+00  1.00000E+00  1.00000E+00  4.20000E+01  3.02900E+01  
 -4.21400E+01 -1.00000E+00  1.00000E+00 -1.97700E+01  1.86000E+01 -3.20000E+01  
 -3.85600E+00 -2.90000E+01  1.09000E-01 -1.00000E+00  1.00000E+00  1.00000E+00  
  2.25200E+01 -7.65500E+01  3.30200E+01 -6.39000E-01  2.29200E-01  5.00000E-01  
 -1.00000E+00  1.00000E+00  1.00000E+00  1.00000E+00 -1.00000E+00  1.00000E+00  
  3.80000E+00 -6.50000E+00  7.10000E-01 -1.30000E+01 -1.30000E+01  1.00000E+00  
  1.00000E+00  1.00000E+00 -1.00000E+00  1.00000E+00 -5.10000E+00  3.00000E+00  
 -1.65000E+00  2.80000E+01 -6.52000E+00 -1.25000E+01  1.00000E+00  1.00000E+00  
 -1.50000E-01 -8.50000E-01 -3.50000E-02  8.10000E-01  8.10000E-01  1.90000E-01  
  1.00000E+00 -1.06000E+00 -4.80000E-01  7.40000E-01 -5.70000E+00  1.97000E+00  
  7.50000E+00  1.90000E-01 -1.00000E+00  1.00000E+00 -6.50000E+00  5.00000E-01  
 -1.65000E+00  2.80000E+01 -9.12000E+00 -1.15000E+01  1.00000E+00  1.01000E+00  
  1.30000E-02  5.00000E-03  4.70000E-02  1.07000E-01  5.00000E-02  1.24000E-01  
  1.64000E-01  2.70000E-02  4.63000E-01 -2.20000E-02  1.05200E+00  1.00000E+00  
  1.00000E+00  1.00000E+00  1.00000E+00 -1.00000E+00  1.00000E+00  6.84000E+00  
 -9.60000E+00  2.27000E+01 -7.00000E+00 -8.00000E-01  1.00000E+00 -1.00000E+00  
  6.00000E+00  1.23000E+00 -1.77000E+00 -3.00000E+00  1.00000E+00  1.00000E+00  
 -1.00000E+00  1.00000E+00  6.00000E+00 -1.15000E+01  7.10000E-01 -2.30000E+01  
  8.24000E+00 -2.60000E+01  1.00000E+00 -1.00000E+00  1.00000E+00 -3.80000E+01  
 -3.96100E+01  3.89700E+01  3.60800E+01 -9.20000E+01  1.00000E+00  1.00000E+00  
  1.00000E+00  1.00000E+00  1.00000E+00  1.00000E+00  1.00000E+00 -1.00000E+00  
  1.00000E+00 -1.10000E+01  3.92000E+00 -4.56000E+00 -2.14000E+00  1.00000E+00  
 -1.00000E+00  1.00000E+00  1.65000E+01  3.33000E+00 -3.97000E+00 -2.14000E+00  
 -7.00000E+00 -1.00000E+00  1.00000E+00 -9.00000E+00 -9.61000E+00  8.97000E+00  
 -1.65000E+00 -1.50000E+01 -1.00000E+00  1.00000E+00 -2.30000E+01 -3.96100E+01  
  3.89700E+01  3.60800E+01 -9.20000E+01 -1.00000E+00  1.00000E+00 -7.00000E+00  
 -2.75000E+00  2.11000E+00 -2.14000E+00  2.00000E+01  1.00000E+00  1.00000E+00  
  1.00000E+00  1.00000E+00  1.00000E+00  1.00000E+00  1.00000E+00  1.00000E+00  
  1.00000E+00 -1.60000E-01 -8.40000E-01  1.00000E+00 -2.97400E+01  2.90500E+01  
 -3.70000E+01  6.62000E+00 -8.60000E+01  1.21700E+00  1.90400E+00 -1.00000E+00  
  2.50000E+00 -2.53000E+00  3.00000E+00  5.00000E+00  1.00000E+00  1.00000E+00  
  1.00000E+00  1.00000E+00  1.00000E+00 -1.00000E+00  1.00000E+00 -7.60000E-01  
  5.00000E-02 -1.60000E+01  9.70000E+00  1.00000E+00  1.00000E+00  1.00000E+00  
 -1.00000E-01 -1.00000E+00 -7.50000E-02 -1.00000E+00 -1.00000E-01 -1.00000E+00  
 -8.75000E-02 -1.00000E+00  3.03000E-01  7.07000E-01  6.00000E-03  3.50000E-02  
  6.40000E-02  5.90000E-02  6.89999E-02  2.18000E-01  2.00000E-02  3.80000E-02  
  4.90000E-01 -2.60000E-02  1.00000E-03  1.00000E+00  1.00000E+00  1.01500E+00  
 -1.00000E+00  2.00000E-01 -1.00000E+00  2.27500E+00 -1.00000E+00 -1.53030E+00  
 -1.00000E+00  1.00000E+00  9.63200E-01 -1.00000E+00  1.00000E+00  3.68700E-01  
 -1.00000E+00  1.00000E+00 -1.24640E+00 -1.00000E+00  1.00000E+00 -1.00000E+00  
  1.00000E+00 -1.29000E+00  5.80000E-01  1.60000E+01 -2.30000E+01 -1.00000E+00  
  1.00000E+00 -8.10000E+00 -1.46000E+01 -7.80000E+00  1.60000E+00 -3.43000E+00  
 -1.76000E+00  1.01090E+00 -1.00000E+00  1.00000E+00  3.96900E-01 -1.00000E+00  
  1.00000E+00  8.62500E-01 -1.00000E+00  1.00000E+00  6.67400E-01 -1.00000E+00  
  1.00000E+00  6.94300E-01 -1.00000E+00  1.00000E+00 -1.20630E+00 -1.00000E+00  
  1.00000E+00  1.00000E+00 -1.00000E+00 -9.79100E-01 -1.00000E+00  1.00000E+00  
  9.88600E-01 -1.00000E+00  1.00000E+00  1.01540E+00 -1.00000E+00  1.00000E+00  
  4.03300E-01 -1.00000E+00  1.00000E+00  3.65700E-01 -1.00000E+00  1.00000E+00  
  3.45000E-01 -1.00000E+00  1.00000E+00  6.83200E-01 -1.00000E+00  1.00000E+00  
  8.62500E-01 -1.00000E+00  1.00000E+00  6.67400E-01 -1.00000E+00  1.00000E+00  
  6.94300E-01 -1.00000E+00  1.00000E+00  1.01990E+00 -1.00000E+00  1.00000E+00  
  4.09400E-01 -1.00000E+00  1.00000E+00 -1.65190E+00 -1.00000E+00  1.00000E+00  
  4.00100E-01 -1.00000E+00  1.00000E+00  4.18300E-01 -1.00000E+00  1.00000E+00  
  4.02200E-01 -1.00000E+00  1.00000E+00 -1.00000E+00  1.00000E+00 -9.17100E+00  
 -6.28600E+00  4.90000E+01  5.62300E+00  2.08248E+01  1.65800E+00 -1.00000E+00  
  1.00000E+00  2.00000E+01  1.00000E+00  1.39748E+01  1.65800E+00 -1.00000E+00  
  1.00000E+00  1.15968E+01  1.65800E+00 -1.00000E+00  1.00000E+00  1.20848E+01  
  1.65800E+00 -1.00000E+00  1.00000E+00  1.11467E+01  1.65800E+00 -1.00000E+00  
  1.00000E+00  1.50000E+01  1.00000E+00  7.90670E+00  1.64600E+00  1.00000E+00  
  9.06000E-02 -7.47000E-01 -2.53000E-01  2.00000E-02  3.00000E-01  9.00000E-02  
 -9.00000E-02  5.90000E-01  1.00000E+00  3.33000E+00 -2.37000E-01  2.04120E+01  
 -1.11900E+01 -3.47800E+00  8.01980E+00  1.65800E+00 -1.00000E+00  1.00000E+00  
  5.94170E+00  1.65800E+00 -1.00000E+00  1.00000E+00  4.60590E+00  1.65800E+00  
 -1.00000E+00  1.00000E+00  5.53500E+00  1.56200E+00 -1.00000E+00  1.00000E+00  
 -2.06910E+00  2.23800E+00  1.00000E+00  1.00000E+00 -1.00000E-02  1.00000E+00  
 -1.00000E+00 -1.00000E+00  8.18999E-02 -1.00000E+00  1.00000E+00  5.17000E+00  
 -5.41000E-01 -1.55160E+02  2.18260E+02  9.55100E+01 -1.00000E+00  1.00000E+00  
  4.57000E+00 -8.40000E+00 -3.05000E+00  4.50000E+00 -1.37000E+01  2.20000E+01  
 -1.00000E+00  5.40000E+00 -1.37900E+00 -1.65500E+00  1.00000E+00  7.48000E-02  
 -1.00000E+00  1.00000E+00  2.99100E+01 -4.94000E-01 -1.02310E+02  8.35801E+01  
  1.00740E+01 -1.00000E+00  1.00000E+00 -1.39800E+01  1.01500E+01  3.38900E+01  
 -1.35000E+01 -2.00000E+01 -1.40000E+01 -2.15000E+01  1.00000E+02  1.00000E+00  
  2.87500E-01  5.00000E-01 -1.00000E+00  9.90000E-01  9.90000E-01  1.00000E+00  
 -1.00000E+00  1.00000E+00 -2.69600E+01  2.61500E+01 -2.20000E+01 -6.90000E+01  
 -1.00000E+00  1.00000E+00 -2.69600E+01  2.61500E+01 -3.05000E+01 -6.00000E+01  
 -1.00000E+00  1.00000E+00 -3.98000E+00  1.50000E-01 -3.17000E+00 -7.25000E+00  
 -5.00000E+00 -1.40000E+01 -1.50000E+01 -1.00000E+00  1.00000E+00 -4.69000E+00  
  8.60000E-01 -3.26000E+00 -3.50000E+00 -5.50000E+00 -1.40000E+01 -1.60000E+01  
 -1.00000E+00  1.00000E+00 -5.40000E-01 -3.29000E+00 -3.60000E+00 -1.50000E+00  
  1.70000E+01 -1.40000E+01 -9.00000E+00  2.56400E-01 -1.52700E+01  1.00000E+00  
 -1.00000E+00  1.00000E+00 -1.00000E+00  1.00000E+00  5.64000E+00 -6.45000E+00  
  8.50000E+00  4.00000E+00  4.31000E-02 -1.00000E+00  6.89999E-02  2.73000E-01  
  1.30000E-02  1.00000E-03 -1.00000E-02  4.00000E-01  2.44000E-01  3.38000E+00  
 -3.70000E+00  2.80000E+00  1.60000E+00  7.50000E-03 -1.00000E+00  1.09000E-01  
  5.10000E-01  3.71000E-01  1.00000E-02 -3.20000E-03  1.00800E+00  2.29000E-01  
 -1.00000E+00  1.00000E+00  1.00000E+00 -3.20000E+00 -9.92000E+01  1.32080E+02  
 -1.28000E+02 -3.94000E-01 -2.22000E-01  7.09000E-02 -1.00000E+00  1.00000E+00  
  4.55400E+01 -4.68000E-01 -7.46499E+01  4.18000E+01 -1.64200E+00 -1.00000E+00  
  1.00000E+00  1.43000E+00 -5.26000E+00 -3.52000E+00  6.50000E+00  1.30000E+01  
 -1.40000E+01  1.00000E+00 -1.00000E+00  1.00000E+00  1.42300E+01 -1.50400E+01  
  8.70000E+00 -3.40000E+01 -1.00000E+00  1.00000E+00  1.44700E+01 -1.52800E+01  
  1.95000E+01 -3.10000E+01 -1.00000E+00  1.00000E+00  9.13000E+00 -9.94000E+00  
  6.80000E+00 -3.80000E+01 -1.76000E-01 -8.24000E-01  4.00000E-04  1.00000E+00  
 -9.00000E-02  7.94000E+00 -8.75000E+00  8.00000E-01 -2.10000E+01  6.74000E-02  
 -1.00000E+00  1.00000E+00 -2.80000E-01 -4.45000E-01 -3.40300E+01  1.80000E+01  
  4.11200E+00 -1.00000E+00  1.00000E+00 -7.83300E+00 -1.49700E+01 -8.40000E+00  
  1.30000E+01 -2.72900E+00  1.00000E+00  2.18000E-02 -1.00000E+00 -4.09000E-02  
  9.70000E-01  1.97000E+00  6.93000E+00 -8.30000E+00 -2.96000E+00  3.88000E+00  
  1.00000E+02 -1.00000E+00  1.00000E+00  9.26000E+00 -1.07100E+01  1.45000E+01  
 -3.05000E+00  4.00000E+00  1.00000E+02  9.00000E-02 -1.00000E+00  1.00000E+00  
  2.74590E+01 -3.65430E+01 -5.00000E+00 -6.12000E-01 -2.00000E-03  4.17670E+00  
 -1.00000E+00  1.00000E+00 -1.50000E+01 -1.00000E+00  1.00000E+00 -1.30000E+00  
 -6.00000E+00  1.30000E+01  1.10000E+01 -7.50000E-01 -2.50000E-01  1.00000E+00  
 -6.00000E-02 -1.30000E-01 -8.10000E-01  1.00000E+00 -1.00000E+00  1.00000E+00  
 -2.26000E+00  2.01000E+00 -6.00000E+00 -1.10000E+01 -2.50000E-01 -7.50000E-01  
  1.00000E+00 -1.00000E+00  1.00000E+00 -1.00000E+00  1.00000E+00  3.10200E-01  
  4.92000E-01 -1.00000E+00  1.00000E+00 -1.00000E+00  1.00000E+00 -3.13000E+00  
  2.32000E+00 -6.00000E+00  6.70000E+01  4.05510E+00  1.42500E+00 -1.00000E+00  
  1.00000E+00 -7.80000E+00  2.00000E+00 -3.43000E+00 -6.00000E+00 -5.00000E-01  
  1.60000E+01 -1.00000E+00  9.80000E-01  7.50000E-03 -1.00000E+00  4.88000E-01  
  7.50000E-02  4.27000E-01  1.00000E-02 -2.90000E-03  9.44000E-01  1.00000E-02  
  1.00800E+00  2.41000E-01  5.60000E-02  2.80000E-02  6.50000E-02  7.70000E-02  
  5.10000E-02  4.64000E-01  1.80000E-02 -3.16000E-02  1.17000E+00  1.17000E+00  
 -1.00000E+00 -2.68400E+00 -1.61000E+00  1.00000E+00  1.00000E+00  1.01000E+00  
  1.00000E-03  4.00000E-03  2.40000E-02  7.30000E-02  5.90000E-02  8.29999E-02  
  9.60000E-02  6.59000E-01 -2.10000E-02  1.00000E-03  1.00000E+00  1.00000E+00  
  1.05000E+00  7.50000E+00  1.00000E+00  7.00000E+00  1.00000E+00 -1.00000E+00  
  1.00000E+00 -1.00000E-01 -9.00000E-01  1.00000E+00  7.94000E-01 -1.11600E+01  
  1.00000E+00 -1.00000E+00  1.00000E+00  6.85000E+00  1.00000E+00  1.08100E+00  
  1.00000E+00 -1.00000E+00  1.09000E+00 -1.02000E+00  1.00000E+00  2.00000E-04  
  6.10800E+00 -1.30000E+01 -3.42930E+01 -2.30000E-02  1.30000E-02  1.06000E+00  
 -1.00000E+00 -1.00000E+00  1.00000E+00  1.00000E+00 -1.00000E+00  1.00000E+00  
 -1.00000E+00 -2.06910E+00  2.23800E+00  1.00000E+00  1.00000E+00 -1.00000E-02  
  1.00000E+00 -1.00000E+00 -1.00000E+00 -1.00000E+00  1.00000E+00  1.11900E+01  
 -1.26700E+01  7.10000E+01 -3.50000E+01 -5.00000E+00  8.80000E-03  1.00850E+00  
  1.31000E-01  4.20000E-02  3.30000E-02  7.60000E-02  9.10000E-02  6.00000E-02  
  5.46000E-01  2.10000E-02 -2.23000E-02  1.00000E+00 -1.01000E-01 -1.00000E+00  
  1.00000E+00  1.00000E+00  1.23000E-01  2.30000E-02  3.10000E-02 -7.50000E-01  
 -2.50000E-01  8.06000E-01  8.72000E-01 -8.68500E+00 -1.56020E+01 -2.41800E+00  
 -4.74000E-01 -1.20000E-01  7.00000E-02  7.00000E-02 -1.00000E+00  1.00000E+00  
  1.69000E+00 -4.78000E+00 -1.40000E+01 -4.00000E+00 -8.00000E-01  6.20000E-02  
  5.00000E-02  2.70000E-02  4.30000E-02 -6.20000E-01 -3.80000E-01  8.80000E-01  
 -1.10000E-01  9.10000E-01  8.02000E+00 -1.54000E+01  1.68000E+01 -5.10000E-01  
  1.37000E-01  7.60000E-02  5.00000E-02  7.60000E-02 -6.25000E-01 -3.75000E-01  
  7.98000E-01 -1.20000E-01  1.00000E+00 -7.10000E-01 -1.30000E+01  2.00000E+00  
 -2.15000E-01 -1.00000E+00  1.00000E+00 -1.00000E+00  1.00000E+00 -1.31000E+00  
 -5.23000E+00 -1.00000E+00  1.00000E+00 -4.73000E+00 -5.40000E+00 -1.00000E+00  
  9.80000E-01  9.80000E-03 -2.48800E+00  1.06650E+01 -8.33000E+00 -1.17600E+01  
 -2.67400E+00 -2.30000E-02  1.30000E-02 -1.00000E+00  1.00000E+00  4.12000E+00  
 -2.85000E+00  7.00000E+00  2.10000E+01  1.00000E+00  1.00000E+00  1.00000E+00  
  1.00000E+00  4.53000E-02 -1.00000E+00  1.00000E+00  7.87000E+00 -6.70000E-01  
 -1.02310E+02  8.35801E+01  1.00740E+01 -1.00000E+00  1.00000E+00  1.00000E+00  
 -1.00000E+00 -1.00000E+00  1.00000E+00 -1.00800E+01  4.88000E+00 -8.40000E+00  
  1.30000E+01 -2.72900E+00  2.35000E-02 -4.38200E-01 -5.39300E-01 -4.60000E-02  
  1.00000E+00 -1.00000E+00  1.11000E+00 -2.27710E+00  2.02500E+00  8.70000E-01  
  1.30000E-01  1.00000E+00  1.00000E+00 -1.00000E+00  1.00700E+00  5.91000E-01  
 -1.02680E+01  1.00000E+00  1.31060E+00 -1.00000E+00 -2.36000E-01 -7.64000E-01  
  1.00000E+00 -5.20000E-01 -4.80000E-01  1.00000E+00  8.89000E+00 -8.50000E+00  
 -2.11600E+01  3.87100E+01 -7.00000E+00 -1.00000E+02 -1.00000E+00  1.00000E+00  
 -6.92600E+00 -2.62860E+01  4.90000E+01  5.62300E+00 -1.60000E-01 -8.40000E-01  
  1.00000E+00  1.96000E+00 -7.00000E+00 -5.78000E+00  6.62000E+00 -7.00000E+00  
 -1.00000E+00  1.00000E+00  1.52000E-01 -6.79900E+00 -7.80000E+00 -1.10000E+01  
  2.98700E+00 -1.00000E+00  1.00000E+00 -6.79000E+00 -8.30000E+00 -6.50000E+00  
  2.98700E+00 -4.90000E-01 -5.10000E-01  1.00000E+00 -2.00000E-03  3.89600E-01  
  9.16700E-01  1.00000E+00  1.00000E+00 -1.00000E+00  1.00000E+00 -4.55100E+00  
  1.07020E+01 -1.50000E+00 -6.00000E+00 -2.72900E+00 -1.00000E+00  1.00000E+00  
 -5.53200E+00  1.22640E+01 -4.50000E+00 -2.50000E+00 -2.72900E+00 -1.00000E+00  
  1.00000E+00 -1.00000E+00 -1.00000E+00  1.00000E+00  5.02000E+00 -6.50000E+00  
 -1.00000E+00  1.00000E+00 -6.92600E+00  8.00000E+00  6.00000E+00  1.00000E+01  
 -3.28100E+00 -1.00000E+00  1.00000E+00 -3.67300E+01 -2.50000E+01 -3.80000E+01  
  3.60600E+01 -1.00000E+00  1.00000E+00 -1.00000E+00  1.00000E+00 -7.39000E-01  
 -5.73200E+00  3.00000E+00 -5.00000E+00 -1.00000E+00  1.00000E+00  3.10200E-01  
  4.92000E-01 -1.00000E+00  1.00000E+00 -1.00000E+00  1.00000E+00 -1.02000E+00  
  1.00000E+00  5.50000E-03  5.69000E-01 -7.10000E+00 -1.55500E+01 -2.30000E-02  
  1.30000E-02 -1.00000E+00  1.00000E+00 -6.40000E-01 -3.60000E-01  1.00000E+00  
 -2.00000E-03  3.43500E-01  1.00000E+00  5.75000E-01  1.00000E+00 -1.00000E+00  
  1.50600E+00 -4.14600E+00 -1.00000E+00  1.00000E+00  1.74500E+00  1.00000E+00  
 -1.00000E+00  1.00000E+00  7.31000E+00  1.00000E+00 -1.00000E+00  1.00000E+00  
 -5.00000E+00  1.10000E+01  1.00000E+00 -1.00000E+00  1.00000E+00 -1.02100E+01  
  1.28960E+01 -8.30000E+00  3.30000E+01 -2.73300E+00 -1.00000E+00  1.00000E+00  
 -8.50000E-01 -1.60000E+01  2.93400E+00 -1.00000E+00  1.00000E+00 -3.60600E+01  
  3.53500E+01 -1.85000E+01  5.68000E+01 -1.17000E+02  4.91900E-01  1.00000E+00  
  8.08000E-01  1.00000E+00 -1.00000E+00 -1.80000E+00 -7.42000E+00 -1.00000E+00  
  1.00000E+00 -2.51500E+01 -1.84300E+01 -1.00000E+00  1.00000E+00  1.88000E+00  
 -5.60900E+00 -1.00000E+00  2.00000E+00 -1.65800E+01 -1.60000E+01  1.52500E+01  
 -1.80000E+01  1.00000E+00 -3.00000E+01 -1.00000E+00  1.00000E+00 -9.11000E+00  
  7.63000E+00 -1.00000E+01 -1.00000E+01 -5.00000E+00  1.77700E+00 -8.17400E+00  
  5.72000E-01  2.19500E+00  2.61000E+00  1.00000E+00  8.17400E+00 -6.51000E-01  
  1.77700E+00 -7.14700E+00  8.08000E-01  2.19500E+00  1.34700E+00  1.00000E+00  
  7.20000E+00 -6.24000E-01 -1.00000E+00  1.00000E+00 -1.82000E+00  3.40000E-01  
  1.10000E+01 -1.40000E+01 -5.00000E+00 -1.00000E+00  1.00000E+00  8.60000E-01  
 -2.34000E+00  1.00000E+00 -1.60000E+01 -5.00000E+00 -1.00000E+00  1.00000E+00  
  6.12000E+00 -1.70000E+01  1.50000E+01 -6.79000E+00 -1.00000E+00  1.00000E+00  
  2.57000E+00 -4.05000E+00  3.40000E+01 -3.55000E+01 -5.00000E+00 -1.00000E+00  
  1.00000E+00 -6.08000E+00  5.20000E+01 -3.55000E+01  5.41000E+00 -1.00000E+00  
  1.00000E+00 -3.53000E+00  6.60000E+01 -3.67000E+01  2.86000E+00 -1.00000E+00  
  1.00000E+00  1.88000E+00 -5.60900E+00 -1.00000E+00  2.00000E+00 -2.44300E+01  
 -5.30000E+01 -2.80000E+01  2.37600E+01 -1.00000E+00  1.06000E+00  1.57950E+00  
  2.74580E+00 -1.00000E+00  1.00000E+00  1.00000E+00 -1.00000E+00  1.00000E+00  
  1.84500E+01  2.00000E+00 -1.97900E+01  1.00000E+00 -3.00000E+01 -1.00000E+00  
  1.00000E+00  9.82000E+00 -1.13000E+01  5.10000E+01 -3.42000E+01 -5.00000E+00  
 -1.00000E+00  1.00000E+00  7.32000E+00 -8.80000E+00  5.90000E+01 -3.45000E+01  
 -5.00000E+00  1.17950E+00  1.89580E+00  1.00000E+00  1.30000E-01  8.70000E-01  
  1.00000E+00  9.34000E-01 -1.00000E+00  3.20000E-02  1.00000E+00  1.60000E-02  
  9.34000E-01 -1.00000E+00  3.20000E-02  1.00000E+00  1.60000E-02  9.34000E-01  
 -1.00000E+00  3.20000E-02  1.00000E+00  1.60000E-02 -1.00000E+00  1.00000E+00  
 -1.00800E+01  8.60000E+01 -3.77000E+01  9.41000E+00 -1.00000E+00  1.16000E+00  
  1.00000E+00 -1.00000E+00 -3.00000E+00  5.00000E+00 -1.00000E+00  1.00000E+00  
  3.08000E+00  5.00000E+00 -3.19000E+00 -1.00000E+00  1.00000E+00 -3.00000E+00  
  5.00000E+00 -1.00000E+00  1.00000E+00 -1.05000E+00  1.67000E+00 -5.00000E+00  
  1.50000E+01 -1.60000E+01 -1.00000E+00  1.00000E+00  1.67000E+01  1.00000E+00  
 -1.15000E+01  1.00000E+00 -1.00000E+00  1.00000E+00 -1.00000E+00  5.91000E-01  
 -4.46000E+00  1.00000E+00 -1.00000E+00  1.00000E+00 -3.56000E+00  3.00000E+00  
 -7.36000E+00 -1.00000E+00  1.00000E+00  7.73600E-01  9.54000E-01  1.00000E+00  
 -4.50000E+00  1.03000E+01 -1.02000E+01 -4.02000E-01  1.00000E+00  1.13800E-01  
 -7.47000E-01 -2.53000E-01  2.00000E-02  1.00000E-01  1.85000E-01 -1.16000E-01  
  6.95000E-01  1.23900E+00  4.00000E+00 -2.85000E-01  3.63200E+00 -1.12600E+01  
 -4.17700E+00 -2.40000E+00  1.00000E+00  1.68900E+00  2.68800E+00 -1.00000E+00  
  1.00000E+00  1.00000E+00  1.79800E+00  2.56670E+00 -1.00000E+00  1.00000E+00  
  1.00000E+00  1.00000E+00  1.08210E+00  2.13300E+00  1.00000E+00 -1.00000E+00  
  1.00000E+00  3.19600E-01  6.29200E-01  1.00000E+00 -1.00000E+00  1.30100E+00  
  2.03800E+00 -1.00000E+00  1.00000E+00 -1.00000E+00  2.56000E-01  3.77000E-01  
  1.00000E+00  1.00000E+00 -1.00000E+00  3.19600E-01  6.29200E-01  1.00000E+00  
 -1.00000E+00  1.30100E+00  2.03800E+00 -1.00000E+00  1.00000E+00 -1.00000E+00  
  3.10200E-01  4.92000E-01 -1.00000E+00  1.00000E+00  1.65900E+00  2.55400E+00  
 -1.00000E+00  1.00000E+00  4.13800E+00  1.00000E+00  1.00000E+00  6.88500E-01  
  9.54200E-01  1.00000E+00  5.58000E+00 -8.30000E+00  9.70000E+00 -5.94000E-01  
  1.00000E+00  4.09900E-01  1.00000E+00  5.75000E-01  1.00000E+00 -1.00000E+00  
  5.51700E+00  1.54000E-01  1.00000E+00  5.83200E-01  1.00000E+00  7.29000E-01  
  1.00000E+00 -1.00000E+00  5.50000E+00  1.54000E-01  1.60320E+00  1.00000E+00  
  2.42900E+00  1.00000E+00 -5.80000E-01 -4.20000E-01  2.32000E+00 -5.41000E+00  
  1.68000E+00 -3.92000E+00  1.60320E+00  1.00000E+00  2.42900E+00  1.00000E+00  
 -9.20000E-01 -8.00000E-02  3.68000E+00 -8.59000E+00  3.20000E-01 -7.50000E-01  
  1.65900E+00  2.55400E+00 -1.00000E+00  1.00000E+00 -1.21950E+01  1.00000E+00  
  1.00000E+00  9.50000E-02 -1.00000E+00  1.00000E+00  1.00000E+00  3.69700E+01  
  5.50000E+01 -8.78999E+01 -3.23000E-01  4.12400E-01  6.62000E-01  1.00000E+00  
 -1.00000E+00  1.30100E+00  2.03800E+00 -1.00000E+00  1.00000E+00 -1.00000E+00  
  6.30200E-01  1.27100E+00 -1.00000E+00  1.00000E+00 -1.00000E+00  4.71560E+00  
  2.42080E+00 -1.00000E+00 -1.00000E+00  1.00000E+00  1.00000E+00 -1.00000E+00  
  1.00000E+00  2.06000E+00 -2.77000E+00  3.50000E+00 -3.70000E+01  5.77300E-01  
  7.42000E-01  1.00000E+00 -1.00000E+00  3.43600E-01  6.58400E-01  1.00000E+00  
 -1.00000E+00  1.69870E+00  2.21700E+00 -1.00000E+00  1.00000E+00 -1.00000E+00  
  1.00000E+00  1.00000E+00  1.53760E+00  2.57900E+00 -1.00000E+00  1.00000E+00  
  1.00000E+00  3.19700E-01  6.29000E-01  1.00000E+00 -1.00000E+00  2.75000E-01  
 -1.49000E-01 -2.73000E-01 -5.50000E-01  1.00000E+00  1.00000E+00  2.69100E-01  
  4.40000E-01 -1.00000E+00  1.00000E+00  2.73700E-01  3.36000E-01  1.00000E+00  
 -1.00000E+00  5.23300E-01  1.00000E+00  8.08000E-01  1.00000E+00 -1.00000E+00  
  6.18750E+00  2.19580E+00 -1.00000E+00 -1.00000E+00  1.00000E+00  1.00000E+00  
  1.00000E+00  2.87500E-01  5.00000E-01 -1.00000E+00  1.00000E+00  1.00000E+00  
  1.00000E+00  2.56000E-01  3.77000E-01  1.00000E+00 -1.00000E+00  1.20710E+00  
  1.88300E+00 -1.00000E+00  1.00000E+00  1.00000E+00 -1.00000E+00  1.65900E+00  
  2.55400E+00 -1.00000E+00  1.00000E+00  1.00000E+00  1.00000E+00  3.01000E-01  
  2.92000E-01  1.00000E+00 -1.00000E+00  1.00000E+00  1.00000E+00  5.65600E-01  
  1.00000E+00  8.08000E-01  1.00000E+00 -1.00000E+00  1.00000E+00  5.21330E+00  
  1.00000E+00  2.72500E+00 -1.00000E+00  5.70000E-01 -5.90000E-01 -3.50000E+00  
  6.00000E+00 -1.50000E+01  1.00000E+00  1.00000E+00  4.91900E-01  1.00000E+00  
  8.08000E-01  1.00000E+00 -1.00000E+00 -1.00000E+00 -1.00000E+00  1.00000E+00  
 -1.00000E+00  1.53680E+00  1.00000E+00  2.42900E+00  1.00000E+00 -1.00000E+00  
 -8.00000E-01  6.00000E+00  8.58000E-01  1.00000E+00  1.64600E+00  1.00000E+00  
 -1.00000E+00 -3.43500E-01 -1.00000E+00 -5.75000E-01 -1.00000E+00  1.00000E+00  
  1.31720E+00 -1.00000E+00 -1.00000E+00  1.00000E+00  3.01100E-01  2.91700E-01  
  1.00000E+00 -1.00000E+00 -1.80000E+00  2.50000E+00 -7.42000E+00  1.00000E+00  
  4.07800E-01  8.58000E-01  1.00000E+00  1.00000E+00  1.00000E+00  5.86600E-01  
  9.54000E-01  1.00000E+00  1.00000E+00  1.00000E+00 -1.00000E+00  1.00000E+00  
  1.20000E+00 -6.60000E+00 -5.41000E+00  5.80000E-01 -7.00000E+00  5.16800E-01  
  1.00000E+00  7.29000E-01  1.00000E+00 -1.00000E+00 -9.48000E+00  1.00000E+00  
 -1.17100E+00  1.71000E-01  1.50000E-01  3.50000E-02  1.10000E-02  6.00000E-02  
  1.95000E-01  1.26000E-01  2.28000E-01  2.16000E-01 -1.00000E+00  1.22200E+00  
 -4.70000E-02  7.70000E-02  5.21330E+00  1.00000E+00  2.72500E+00 -1.00000E+00  
  5.70000E-01 -5.90000E-01  6.00000E+00 -1.50000E+01  1.00000E+00  1.00000E+00  
  2.98700E-01  5.50000E-01  1.00000E+00 -1.00000E+00 -6.00000E-01  7.20000E+00  
  2.50000E+00  5.00000E-01 -2.19000E+00 -5.23000E+00  1.00000E+00  3.43500E-01  
  1.00000E+00  5.75000E-01  1.00000E+00 -1.00000E+00  3.80000E-01 -1.00000E+00  
  1.00000E+00  4.66500E+00 -8.96550E+01  2.38950E+02 -2.06900E+02 -5.79000E-01  
 -2.00000E-03  2.73700E-01  3.36000E-01  1.00000E+00 -1.00000E+00  1.21690E+00  
  1.82500E+00 -1.00000E+00  1.00000E+00 -1.00000E+00  2.75000E-01  5.00000E-01  
 -1.00000E+00  1.00000E+00  1.00000E+00 -2.51030E+00  2.02500E+00  1.00000E+00  
  8.90000E-01  1.10000E-01 -1.00000E+00  1.00000E+00  7.14000E+00  6.60000E+01  
 -3.50000E+01 -7.81000E+00  1.31060E+00 -1.00000E+00 -1.00000E+00  1.00000E+00  
  4.80400E-01  1.11700E+00 -1.00000E+00  1.00000E+00  1.00000E+00 -1.00000E+00  
  3.82490E+00  5.91700E-01 -1.00000E+00 -4.06000E+00  1.39000E+00 -9.00000E+00  
  1.20000E+01 -6.00000E+00  1.00000E+00  1.21820E+00  2.07500E+00  1.00000E+00  
  1.00000E+00  3.25400E-01  1.00000E+00  6.00000E-01  1.00000E+00 -1.00000E+00  
  4.91000E-01  1.00000E+00  7.54000E-01  1.00000E+00 -1.00000E+00  3.80230E+00  
  6.00000E-01 -1.00000E+00  1.00000E+00  3.25400E-01  1.00000E+00  6.00000E-01  
  1.00000E+00 -1.00000E+00 -1.00000E+00  1.00000E+00 -6.90000E-01 -1.33000E+01  
 -7.25000E+00 -2.94000E+00  7.80000E-01  2.93190E+00 -1.00000E+00 -3.19000E+00  
  3.10000E+00 -6.00000E+00 -3.00000E+00  1.00000E+00  1.01340E+00 -1.00000E+00  
  1.05000E+00 -9.40000E-01  1.10000E+01  1.00000E+00  2.93190E+00 -1.00000E+00  
 -1.20000E+00  8.10000E-01 -2.50000E+00  4.00000E+00  1.00000E+00  3.00150E+00  
 -1.00000E+00  1.00000E+00  1.01340E+00 -1.00000E+00 -3.00000E+00 -1.50000E-01  
 -6.90000E-01 -3.10000E-01  6.00000E+00  1.00000E+00  1.17560E+00  1.00000E+00  
  1.00000E+00  2.03300E-01  4.29000E-01  1.00000E+00 -1.00000E+00  3.98000E-01  
  7.17000E-01 -1.00000E+00  1.00000E+00  2.03300E-01  4.29000E-01  1.00000E+00  
 -1.00000E+00  1.11420E+00  1.83800E+00 -1.00000E+00  1.00000E+00 -1.00000E+00  
  4.71600E-01  1.07100E+00 -1.00000E+00  1.00000E+00 -1.00000E+00  3.72100E-01  
  5.12000E-01 -1.00000E+00  1.00000E+00  4.90500E-01  6.79200E-01 -1.00000E+00  
  1.00000E+00  3.12500E-01  4.67000E-01  1.00000E+00 -1.00000E+00  7.50000E-03  
 -1.00000E+00  8.10000E-02  5.08000E-01  4.01000E-01  1.00000E-02 -2.90000E-03  
  1.00000E+00  2.53100E-01  4.58000E-01  1.00000E+00 -1.00000E+00  1.00000E+00  
  9.75600E-01  1.50400E+00 -1.00000E+00  1.00000E+00  5.76000E-02 -1.00000E+00  
  1.00000E+00 -2.40000E-01 -3.80000E-01  9.08999E+01 -3.28000E+01 -9.93800E+00  
  4.90800E-01  1.00000E+00  9.50000E-01  1.00000E+00 -1.00000E+00  1.74000E-02  
  1.01250E+00  1.67000E-01  6.00000E-02  4.50000E-02  1.00000E-01  9.00000E-02  
  1.16000E-01  4.04000E-01  1.80000E-02 -2.23000E-02  1.13000E+00  1.13000E+00  
  4.39060E+00  2.36700E+00 -1.00000E+00 -1.00000E+00  1.00000E+00  1.00000E+00  
  3.33500E-01  6.04000E-01 -1.00000E+00  1.25000E+00 -1.06000E+00  1.00000E+00  
  1.31040E+00  2.11200E+00 -1.00000E+00  1.00000E+00 -1.00000E+00  1.27000E+00  
 -7.80000E-01  3.14800E-01  1.00000E+00  5.75000E-01  1.00000E+00 -1.00000E+00  
  1.25000E+00 -1.06000E+00  3.07960E+00  1.30800E+00 -1.00000E+00  1.00000E+00  
  3.09630E+00  8.12000E-01 -1.00000E+00  1.00000E+00  2.03300E-01  4.29000E-01  
  1.00000E+00 -1.00000E+00  4.71600E-01  1.07100E+00 -1.00000E+00  1.00000E+00  
 -1.00000E+00  3.72100E-01  5.12000E-01 -1.00000E+00  1.00000E+00  4.07800E-01  
  8.58000E-01  1.00000E+00  1.00000E+00  2.50000E-02  9.75000E-01 -1.00000E+00  
  1.00000E+00  3.00000E+00  4.80400E-01  1.00000E+00  7.29000E-01  1.00000E+00  
 -1.00000E+00  5.20000E-01 -3.50000E-01 -5.00000E+00  1.71800E-01  4.04200E-01  
 -1.00000E+00  2.40000E-01 -5.00000E+00  1.50000E+01  1.00000E+00  2.93190E+00  
 -1.00000E+00  5.00000E-01  4.00000E+00  1.00000E+00 -9.16000E-01  1.00000E+00  
 -8.40000E-02 -3.50000E-01  3.80000E-01 -2.75000E+00  5.50000E+00  2.80000E-01  
 -2.60000E-01  5.90000E-01 -7.60000E-01 -1.00000E+00  1.00000E+00  1.83000E+00  
 -1.98000E+00  5.50000E+00  3.00000E+00  3.14800E-01  1.00000E+00  5.75000E-01  
  1.00000E+00 -1.00000E+00  1.00000E+00 -2.36450E+00  1.68800E+00  1.60000E+00  
 -6.00000E-01  1.00000E+00  1.00000E+00 -1.00000E+00 -1.00000E+00  9.60000E-02  
  1.00000E+00 -1.40000E+01 -9.25000E+00 -9.25000E+00 -5.62000E-01 -1.00000E+00  
  1.08590E+00  1.00000E+00  5.75000E-01  1.00000E+00 -1.30000E-01 -2.90000E-01  
 -5.80000E-01  1.00000E+00  1.06700E+00  1.01000E+00  1.50000E-03  4.90000E-03  
  9.00000E-04  1.37000E-02  6.87000E-02  6.48600E-01  2.53000E-02  1.01000E-01  
  1.24300E-01  5.00000E-03 -1.70000E-02  1.06700E+00  4.10000E-03  1.39210E+00  
  1.88300E+00 -1.00000E+00  1.00000E+00  1.30700E-01  7.84300E+00 -1.70170E+01  
  7.93700E+00 -3.25900E-01  1.00000E+00 -1.00000E+00 -1.13870E+00 -1.00000E+00  
  1.00000E+00  1.84410E+00  2.55400E+00 -1.00000E+00  1.00000E+00 -1.28000E-01  
  1.28200E+00 -1.33050E+01  6.41000E+00 -3.16000E-01  1.00000E+00  1.00000E+00  
  4.25000E-01  3.77000E-01  1.00000E+00 -7.08000E-01  6.96499E+01 -1.99500E+01  
  8.26399E+01 -2.91000E-01  1.00000E+00  1.00000E+00  4.54000E-01  3.77000E-01  
  1.00000E+00  1.37900E+00 -6.34000E+01  2.73100E+01 -3.44800E+01 -3.40000E-01  
  1.00000E+00  1.00000E+00  1.01000E+00  1.50000E-03  3.80000E-03  1.14000E-02  
  4.03000E-02  1.15000E-01  6.80000E-02  1.15000E-01  1.36000E-01  4.70000E-02  
  4.62000E-01 -3.31000E-02  1.00000E+00 -1.00000E+00  1.00000E+00  2.40000E-01  
  1.18760E+00  1.00000E+00  1.00000E+00 -1.00000E+00 -1.01220E+00 -1.00000E+00  
  1.00000E+00  1.54010E+01  1.41400E+01  2.80000E-02  1.01000E-01  7.00000E-03  
  5.29000E-01  2.09300E+00  6.10000E-01  1.71900E+00  1.76000E+00  1.77700E+00  
  7.00000E-02  9.33000E-01  2.19500E+00  1.08800E+00  1.00000E+00  7.06200E+00  
 -6.41000E-01  4.20000E-02  1.57430E+00  2.61200E+00 -1.00000E+00  1.00000E+00  
 -2.25700E+01  1.30800E+01 -5.40000E+01 -6.36000E-01 -3.02000E+01  1.00000E+00  
  1.18760E+00  1.00000E+00  1.00000E+00 -1.00000E+00  1.18760E+00  1.00000E+00  
  1.00000E+00 -1.00000E+00 -1.00000E+00  1.00000E+00  9.43000E+00 -1.09100E+01  
 -3.20000E+01 -4.00000E+00 -5.00000E+00  4.80400E-01  1.11700E+00 -1.00000E+00  
  1.00000E+00  1.00000E+00  6.70000E-01 -1.00000E+00  4.80400E-01  1.11700E+00  
 -1.00000E+00  1.00000E+00  1.00000E+00  6.70000E-01 -1.00000E+00 -1.00000E+00  
  1.00000E+00 -3.70000E-01 -8.00000E-01  2.04000E+01 -8.03000E-01 -2.16000E+01  
 -1.00000E+00  1.00000E+00 -2.31000E+00  1.14000E+00  2.15000E+01 -8.03000E-01  
 -2.43000E+01 -1.00000E+00  1.00000E+00 -2.26000E+00  1.09000E+00  1.92000E+01  
 -8.03000E-01 -1.53000E+01 -1.00000E+00  1.00000E+00 -7.80000E-01  1.09000E+00  
  1.14000E+01 -8.03000E-01 -1.16000E+01  9.50000E-02  3.10000E-02  8.20000E-02  
 -1.00000E+00  1.50000E-01  1.85000E-01  2.31000E-01  8.50000E-02  8.20000E-02  
  4.60000E-02  1.41200E+00 -3.82000E-01  3.29000E-01  2.60000E+00 -1.02000E+00  
 -1.00000E+00  1.01480E+00 -1.00000E+00  1.00000E+00  3.07500E-01 -1.00000E+00  
 -2.00000E-02 -2.00000E-02 -2.00000E-02  6.00000E-02  1.00000E+00  3.05900E-01  
 -1.00000E+00 -2.00000E-02 -2.00000E-02 -2.00000E-02 -2.00000E-02  6.00000E-02  
  1.00000E+00  9.88600E-01 -1.00000E+00  1.00000E-01  9.00000E-01  4.03300E-01  
 -1.00000E+00  1.00000E-01  9.00000E-01  1.11000E-02  1.01150E+00  3.70000E-02  
  1.51000E-01  5.30000E-02  8.80000E-02  8.00000E-02  1.04000E-01  4.67000E-01  
  2.00000E-02 -2.17000E-02  1.02000E+00  1.02000E+00  1.04000E-02 -4.40000E-01  
 -6.50000E-01  9.00000E-02  1.00000E+00  6.70000E-03  3.70000E-01 -1.00000E+00  
  4.80000E-01  2.50000E+00  9.50000E-03  2.70000E-01 -4.20000E-01 -3.30000E-01  
 -5.20000E-01  1.00000E+00  5.00000E-01  3.60000E-02 -1.00000E+00  7.70000E-02  
  1.93000E-01  3.28000E-01  8.00000E-03  1.00000E-03 -6.00000E-03  2.76000E-01  
  1.17000E-01  2.88000E+00 -3.10000E+00  6.35000E+00  1.10000E+00 -1.00000E+00  
  1.00000E+00  1.00000E+00 -1.00000E+00  1.00000E+00 -1.00000E+00 -1.00000E+00  
  9.90000E-01 -3.96000E-01  5.40000E-01 -3.46500E+01 -1.00000E+00  1.00000E+00  
 -1.00000E+00 -5.00000E-01 -5.00000E-01  1.00000E+00 -1.00000E+00  8.60000E-02  
 -1.00000E+00  1.00000E+00 -1.12230E+01 -5.22000E+00 -1.14030E+01 -5.85000E-01  
  5.53000E-01  7.07000E-01  3.03000E-01  3.00000E-03  1.00000E-02  8.00000E-02  
  5.90000E-02  3.90000E-02  1.08000E-01  5.80000E-02  4.10000E-02  2.00000E-02  
  2.60000E-02 -2.40000E-02  3.00000E-03  1.00000E+00  1.00000E+00  8.00000E-02  
  1.00500E+00 -8.00000E-02 -4.00000E-01 -6.00000E-01  1.00000E+00 -1.00000E+00  
  1.84410E+00  2.70800E+00 -1.00000E+00  1.00000E+00  4.10700E+00  1.00000E+00  
  1.08000E-01  2.80000E-02  4.00000E-02  1.20000E-01 -1.00000E+00  3.90000E-02  
  6.20000E-02  1.18800E+00  5.14000E-01 -1.42000E-01  9.90000E-02  9.80000E-02  
  2.13000E-01  3.40000E-02  4.15000E-02  1.00000E-02 -1.00000E+00  3.70000E-02  
  4.00000E-03  7.92500E-01  9.91500E-01  3.70000E+00  7.77300E+00 -1.05270E+01  
 -2.87000E-01 -1.00000E+00  9.70000E-01 -3.01000E+00  1.84000E+00 -3.39500E+01  
 -1.00000E+00  3.40000E-02  2.50000E-02  8.80000E-01  4.90000E-02 -1.94000E-01  
 -1.50000E-01 -7.04000E-01  9.65000E-01 -1.00000E+00  1.00000E+00 -1.00000E+00  
  1.00000E+00  1.26100E+01 -1.40900E+01 -8.65000E-01 -2.70000E-02  3.86000E-01  
  3.86000E-01  2.00000E+00 -1.00000E+00  2.16000E-01 -1.20000E-02  3.64000E-01  
  3.64000E-01  1.82000E+00 -1.00000E+00  1.00000E+00 -3.40000E+00  1.29000E+01  
 -1.50000E+00 -2.50000E-01 -4.15000E+00 -1.00000E+01 -1.00000E+00  1.00000E+00  
 -1.90000E+00 -7.10000E+00  2.40000E+00 -2.50000E-01 -4.07000E+00  2.16000E+00  
 -1.00000E+00  1.00000E+00 -6.10000E+00  1.90000E+01 -1.00000E+00  2.00000E-01  
 -3.95900E+00 -1.00000E+01 -1.00000E+00  1.00000E+00 -5.30000E+00  1.44000E+01  
 -8.30000E+00  3.00000E-01 -3.43000E+00 -1.00000E+01 -1.00000E+00  1.00000E+00  
 -8.90000E+00 -6.00000E-01 -7.80000E+00  1.60000E+00 -3.43000E+00 -1.00000E+01  
 -1.00000E+00  1.00000E+00  1.00000E-01  1.94000E+01 -8.70000E+00 -1.80000E+00  
 -4.41000E+00 -5.00000E+00 -1.00000E+00  1.00000E+00 -5.30000E+00  1.20200E+02  
  4.00000E+00 -3.00000E-01 -3.56000E+00 -2.05000E+00 -1.00000E+00  1.00000E+00  
 -6.00000E+00  1.19500E+02  9.80000E+00 -4.50000E-01 -3.56000E+00 -2.60000E+00  
 -1.00000E+00  1.00000E+00 -2.22200E+01  1.91300E+01 -3.14000E+01 -6.40000E+01  
 -4.00000E+00 -1.00000E+00  1.00000E+00 -7.60000E-01 -4.10000E-01  6.00000E+00  
 -6.43000E-01 -3.50000E+01 -1.00000E+00  1.00000E+00 -1.00000E+00  1.00000E+00  
  1.34000E+00 -2.05000E+00  5.40000E+00 -1.50000E+01 -1.00000E+00  1.00000E+00  
  4.44000E+00 -2.90000E+01  1.15000E+01 -5.11000E+00 -1.00000E+00  1.00000E+00  
 -2.05000E+00  8.80000E-01 -7.00000E+00 -8.03000E-01 -4.00000E+00 -1.00000E+00  
  1.00000E+00  7.30000E-01 -2.48000E+00 -2.10000E+01 -8.03000E-01  1.43000E+01  
  1.00000E+00 -1.02000E+00  1.00000E+00  1.55000E-02 -1.67700E+00 -4.00000E-01  
  2.93400E+00 -2.30000E-02  1.30000E-02 -1.00000E+00  1.00000E+00  1.00000E+00  
  1.19300E+01 -1.44600E+01  2.10000E+01 -1.75000E-01 -2.50000E+01  1.70000E+01  
  1.00000E+00  1.00000E+00 -1.00000E+00  1.11400E+00  1.90000E-01 -1.00000E+00  
  1.00000E+00  2.39000E+00  5.25000E+01 -3.75000E+01 -3.52000E-01  1.76000E-01  
  1.37000E-01  9.10000E-02  1.37000E-01 -1.00000E+00  6.35000E-01 -1.30000E-01  
  1.10000E+00 -4.61000E+00 -2.90000E+00 -1.69000E-01 -1.00000E+00  1.00000E+00  
 -9.30000E+00  2.46000E+01  1.05000E+01  1.75000E+00 -1.24000E+00  9.00000E+01  
  2.01000E-01  1.00000E+00  1.00000E+00  1.06600E+00 -4.17000E+00  4.86000E+00  
 -3.73000E-01 -1.00000E+00  1.00000E+00 -2.00000E+00 -1.30000E+00 -7.42000E+00  
 -1.00000E+00  1.00000E+00  7.00000E-01 -2.72000E+01 -2.00000E+00 -1.30000E+00  
 -7.42000E+00 -6.80000E-01  1.31000E+00 -2.32000E+00  1.69000E+00 -4.60000E-01  
 -5.40000E-01  1.00000E+00  1.01000E+00  1.80000E-03  4.40000E-03  1.22000E-02  
  4.26000E-02  8.90000E-02  5.80000E-02  9.30000E-02  1.17000E-01  3.70000E-02  
  5.45000E-01 -2.82000E-02  1.00000E+00 -1.00000E+00  1.00000E+00  2.08000E-01  
  1.01000E+00  1.30000E-03  2.80000E-03  1.25000E-02  4.04000E-02  1.05000E-01  
  6.40000E-02  1.01000E-01  8.20000E-02  8.10000E-02  5.10000E-01 -3.08000E-02  
  1.00000E+00 -1.00000E+00  1.00000E+00  2.08000E-01 -9.00000E-01  1.00000E+00  
 -1.00000E-01 -1.00000E+00  1.00000E+00  3.74000E+00 -9.00000E+00 -5.90700E+01  
  5.60000E-01 -1.00000E+00  4.68000E-01  5.32000E-01 -2.70000E-02  1.00000E+00  
  1.33540E+00 -1.00000E+00 -1.00000E+00  1.00000E+00 -1.00000E+00  9.80000E-01  
  1.00000E+00 -1.00000E+00 -1.82000E+00  2.76000E+00 -5.00000E+00  8.00000E+00  
  1.30000E-01 -4.00000E-01  1.00000E+00 -7.30000E-01 -1.00000E+00  1.00000E+00  
  3.15000E-01 -1.00000E+00  1.00000E+00  1.42900E+00 -2.44900E+01 -5.00000E+00  
 -4.80000E-01  3.53000E-01 -1.00000E+00  1.00000E+00  1.00000E+00  9.60000E-01  
 -9.92000E+01  1.32080E+02 -1.28000E+02 -5.38000E-01 -2.22000E-01  2.54000E-01  
 -1.00000E+00  1.00000E+00 -1.09570E+01  7.84309E+01 -4.68800E+01  3.46000E+01  
 -3.87000E-01  3.24000E-01 -1.00000E+00  1.00000E+00  5.29400E+00 -6.91179E+01  
  4.41980E+01 -2.64700E+01 -4.94000E-01 -3.00000E-03  1.03900E+00 -1.24000E-01  
 -7.09000E-01  1.00000E+00  1.24000E-01 -1.67000E-01 -3.10000E-02  6.62000E-01  
 -1.22000E-01 -4.72000E-01  1.00000E+00  1.22000E-01 -4.06000E-01 -3.80000E-02  
  2.87500E-01  5.00000E-01 -1.00000E+00  1.00000E+00  1.50000E-01  3.50000E-02  
  5.50000E-02  1.42000E-01 -1.00000E+00  5.10000E-02  1.35900E+00  4.91000E-01  
 -1.71000E-01  1.13000E-01  1.13000E-01  1.33000E-01  3.50000E-02  5.50000E-02  
  1.04000E-01 -1.00000E+00  3.80000E-02  6.00000E-02  1.21000E+00  4.82000E-01  
 -1.50000E-01  1.13000E-01  1.13000E-01  1.16000E+00 -1.00000E+00 -1.00000E+00  
  1.00000E+00 -9.40000E-01  1.00000E+00  1.10000E+00  1.01000E+00  2.40000E-03  
  9.00000E-03  1.90000E-03  2.59000E-02  1.19200E-01  2.84300E-01  3.54000E-02  
  1.27300E-01  1.33300E-01  5.00000E-03  1.98000E-02  1.32700E-01  9.55999E-02  
  2.48100E-01 -2.37000E-02  1.10000E+00 -1.00000E+00  6.20000E-03 -1.00000E+00  
  1.19000E+00  2.28000E-01 -1.00000E+00  1.00000E+00 -6.38000E+00 -5.79000E-01  
 -9.13999E+01  2.25900E+02  1.83000E-01  1.00000E+00  1.00000E+00 -2.80000E-01  
 -4.63000E-01 -6.48000E+01  2.46000E+01 -1.00000E+00  1.00000E+00 -1.00000E+00  
  1.11000E+00  1.00000E+00 -1.00000E+00 -1.00000E+00  1.00000E+00 -5.54000E+00  
  4.10000E+00  1.13400E+02 -3.47000E+00  2.00000E+00 -5.20000E-01 -4.80000E-01  
  1.00000E+00  1.17200E+01 -1.35000E+01 -3.00600E+01  3.87100E+01  1.48800E+01  
 -5.20000E-01 -4.80000E-01  1.00000E+00 -1.00000E+00 -2.60000E-01 -2.40000E-01  
 -5.00000E-01  1.00000E+00  1.00000E+00 -1.00000E+00  1.00000E+00 -2.19800E+01  
  2.08400E+01 -2.86000E+01  5.80000E-01 -4.70000E+01 -1.00000E+00  1.00000E+00  
 -1.46000E+00  1.20000E+00  1.33200E+01 -2.94000E+00 -5.00000E+00  1.01000E+00  
  2.50000E-03  2.50000E-03  1.00000E-02  6.50000E-02  8.20000E-02  2.60000E-02  
  2.60000E-02  1.27000E-01  1.41000E-01  5.40000E-02  4.64000E-01 -2.47000E-02  
  1.01800E+00  9.73000E-01  1.00000E+00  1.00000E+00 -1.00000E+00  1.00000E+00  
 -1.17000E+00 -1.00000E+00  1.34300E+01 -2.94000E+00 -7.00000E+00 -8.60000E-01  
 -1.40000E-01  1.00000E+00 -1.35700E+01  1.24300E+01 -1.90000E+01 -3.17000E+00  
 -1.70000E+01  1.45500E+00  1.01000E+00  3.00000E-03  1.03000E-02  2.00000E-03  
  4.44000E-02  9.69999E-02  4.75000E-02  1.10100E-01  7.07000E-02  5.00000E-03  
  2.17000E-01  5.80000E-03  2.51800E-01  1.32400E-01  2.88000E-01 -2.70000E-02  
  1.45500E+00 -1.00000E+00  1.00000E+00  3.00000E-03 -1.00000E+00  1.00000E+00  
 -1.93400E+01  1.86300E+01 -1.74000E+01 -3.61000E+00 -3.70000E+01 -1.00000E+00  
  5.00000E-01  5.98000E-01 -9.80000E-02 -1.54000E-02  1.00500E+00 -1.00000E+00  
  1.00000E+00 -6.00000E-02 -6.50000E-01  2.05000E+01 -8.00000E-01 -1.00000E+01  
 -1.00000E+00  4.79000E-01  6.18000E-01 -9.69999E-02 -1.54000E-02  1.00000E+00  
 -1.00000E+00  1.00000E+00  1.73000E+00 -2.44000E+00  1.30000E+00 -8.00000E-01  
  2.00000E+00 -1.00000E+00  1.00000E+00  2.40000E-01 -9.50000E-01  3.00000E+00  
 -8.00000E-01 -1.00000E+01 -1.00000E+00  1.00000E+00  2.96000E+00 -3.65000E+00  
 -1.37000E+01 -8.00000E-01  3.00000E+00 -1.00000E+00  6.53000E-01  3.47000E-01  
 -1.54000E-02  1.05200E+00 -1.00000E+00  1.00000E+00 -1.11900E+01 -5.80000E+00  
 -4.25000E+00 -3.48000E+00  4.00000E+01 -1.00000E+00  1.00000E+00 -4.02000E+00  
  3.31000E+00 -1.61000E+01 -8.00000E-01  5.00000E+01 -2.00000E+00  1.00000E+00  
  3.53000E+00 -4.22000E+00 -1.26000E+01 -8.00000E-01 -6.00000E+00 -1.00000E+00  
  1.00000E+00  1.01900E+01 -1.13300E+01  1.89000E+01 -8.00000E-02 -2.00000E+00  
 -1.00000E+00  1.00000E+00  3.01000E+00 -3.72000E+00  1.85000E+01 -8.00000E-01  
 -1.70000E+01 -1.00000E+00  1.00000E+00  1.01900E+01 -1.13300E+01 -5.00000E-01  
 -8.00000E-02  2.00000E+00  4.80400E-01  9.00000E-01  7.29000E-01  1.00000E+00  
 -3.20000E-01 -1.50000E-01 -5.30000E-01  1.00000E-01 -7.50000E-01  6.50000E-01  
 -2.90000E-01 -1.10000E-01 -4.90000E+00 -1.00000E+00  1.00000E+00  3.01000E+00  
 -3.72000E+00 -1.59000E+01 -8.00000E-01  2.00000E+01 -7.50000E-03 -4.00000E-02  
 -4.75000E-02 -9.05000E-01  1.00000E+00 -5.88000E+00  1.45000E+01  1.94000E-01  
 -1.00000E+00  1.00000E+00  7.30000E-01 -4.93000E-01 -7.63999E+01  4.35000E+01  
  9.80000E-02 -1.00000E+00  1.00000E+00  9.33000E+00 -6.64000E-01 -6.37000E+01  
  2.81000E+01 -1.00000E+00  4.54000E-01  7.32000E-01 -1.86000E-01 -1.54000E-02  
  1.04400E+00  1.00000E+00 -1.00000E+00 -1.00000E+00  1.00000E+00 -1.45400E+01  
  1.38500E+01 -1.15000E+01 -3.44000E+00 -1.00000E+01  1.01000E+00  1.60000E-03  
  2.20000E-03  1.10000E-02  6.42000E-02  8.10000E-02  2.00000E-02  2.50000E-02  
  1.12000E-01  1.27000E-01  4.60000E-02  5.10000E-01 -2.12000E-02  9.99000E-01  
  1.00000E+00  1.00000E+00  1.66000E-01  1.00000E+00  1.00000E+00 -4.38000E+00  
 -4.20000E-01  2.12500E+01 -2.44000E+01  3.10200E-01  4.92000E-01 -1.00000E+00  
  1.00000E+00 -1.96000E-01 -2.85000E-01 -3.77000E-01 -6.00000E-02 -8.20000E-02  
  1.00000E+00  1.00000E+00 -1.00000E+00 -1.00000E+00  1.20000E+00  3.47000E-01  
  3.77000E-01  1.00000E+00 -1.61400E+01  2.73100E+01 -5.00000E+00 -6.18000E-01  
  1.00000E+00  1.00000E+00  1.00000E+00 -1.00000E+00 -3.00000E-01 -7.00000E-01  
  1.00000E+00 -7.00000E-01 -3.00000E-01  1.00000E+00  9.31000E-02  1.01000E-01  
  1.52000E-01  1.00000E-02 -1.00000E+00  4.00000E-02 -1.01000E-01  1.15700E+00  
  1.00000E+00  6.97000E-01 -1.90000E-01  8.29000E-02  7.39999E-02  1.12000E-01  
  1.00000E-02 -1.00000E+00  4.00000E-02 -9.55999E-02  9.09000E-01  1.00000E+00  
  7.64000E-01 -1.90000E-01  1.00000E+00 -1.00000E+00  1.00000E+00 -1.00000E+00  
  9.33000E-02  7.60000E-02  1.13000E-01  1.00000E-02 -6.67000E-01 -3.33000E-01  
  4.00000E-02 -9.55999E-02  8.80000E-01  7.61000E-01 -1.90000E-01 -4.40000E-01  
 -5.60000E-01  1.00000E+00  1.00000E+00  1.00000E+00  1.00000E+00 -1.00000E+00  
  1.00000E+00 -2.70000E+00  3.00000E-01 -3.01000E+00  4.00000E+00 -4.00000E+00  
  1.00000E+00 -1.00000E+00  1.00000E+00  5.00000E+00  3.03900E-01  4.29000E-01  
  1.00000E+00 -1.00000E+00 -7.30000E-01  4.00000E+00 -1.98000E+00 -5.00000E+00  
  2.50000E+01  1.00000E+00 -1.00000E+00  3.22000E-01  6.78000E-01 -1.60000E-02  
 -1.00000E+00  1.00000E+00  1.50000E+00  2.10000E-01 -1.02000E+00 -2.14000E+00  
 -1.00000E+01 -1.00000E+00  1.00000E+00 -1.50000E+01 -1.80000E+00  9.90000E-01  
 -2.14000E+00 -2.00000E+00 -1.00000E+00  1.00000E+00 -3.50000E+00 -1.65000E+00  
  8.40000E-01 -2.14000E+00 -1.00000E+01 -1.00000E+00  1.00000E+00 -1.40000E+01  
 -4.13000E+00  3.32000E+00 -2.14000E+00  1.00000E+01 -1.00000E+00  1.00000E+00  
 -3.50000E+00 -1.11100E+01  1.04700E+01 -1.65000E+00 -2.70000E+01 -1.00000E+00  
  1.00000E+00 -1.10000E+01 -3.72000E+00  2.91000E+00 -2.14000E+00 -2.00000E+00  
 -1.00000E+00  1.00000E+00 -2.20000E+01 -5.87000E+00  5.06000E+00 -2.14000E+00  
  1.70000E+01 -5.00000E-02 -3.30000E-01 -6.20000E-01  1.00000E+00  9.10300E-01  
  1.25800E+00 -1.00000E+00  2.66700E+00  1.00000E+00 -1.00000E+00  5.00000E+00  
  1.96000E+00 -1.84000E+00  1.10000E+01  1.00000E+00 -1.00000E+00  1.40000E+00  
 -3.00000E-01  2.00000E-01 -2.50000E-01 -5.00000E-02  1.08210E+00  2.13300E+00  
  1.00000E+00 -1.00000E+00  1.00000E+00  3.19700E-01  6.29000E-01  1.00000E+00  
 -1.00000E+00  2.69100E-01  4.40000E-01 -1.00000E+00  1.00000E+00  2.90900E-01  
  1.00000E+00  5.75000E-01  1.00000E+00 -1.00000E+00 -2.28100E+00  1.50000E-01  
  1.00000E+00  3.14800E-01  5.00000E-01  5.00000E-01  5.75000E-01  1.00000E+00  
 -1.00000E+00  1.30000E+01  1.01000E+00  4.00000E-03  1.00000E-02  1.80000E-02  
  1.45000E-01  4.40000E-02  1.51000E-01  9.00000E-02  3.50000E-02  5.00000E-01  
 -2.60000E-02  3.00000E-03  1.00000E+00  1.00000E+00  9.69000E-01 -7.00000E-02  
 -2.40000E-01 -3.20000E-01 -3.00000E-01 -7.00000E-02  1.00000E+00  5.04000E-02  
  7.50000E-02  3.90000E-02  9.50000E-02 -1.00000E+00  1.60000E-01  2.02000E-01  
  2.33000E-01  1.50000E-02  4.37000E-02  1.50000E+00  5.04000E-02  5.80000E-02  
  3.50000E-02  9.80000E-02 -1.00000E+00  1.70000E-01  2.07000E-01  2.12000E-01  
  4.30000E-02  3.97000E-02  1.67000E+00 -1.42540E+00 -1.00000E+00  1.00000E+00  
  4.40000E-02 -1.00000E+00  1.00000E+00  1.00000E+00  3.10600E+01  5.50000E+01  
 -8.78999E+01 -6.45000E-01  1.01090E+00 -1.00000E+00  1.00000E+00  3.96900E-01  
 -1.00000E+00  1.00000E+00  5.34000E-02 -1.00000E+00  2.55000E-01  5.80000E-02  
  2.40000E-01  8.20000E-02  6.50000E-02  7.60000E-02  1.54000E-01  1.17000E+00  
  1.00000E+00 -4.60000E-02 -6.22000E-01 -2.88000E-01 -8.00000E-02  1.00000E+00  
 -1.00000E+00  1.00000E+00  5.85000E-02  3.40000E-02  4.15000E-02  1.00000E-02  
 -1.00000E+00  3.55000E-01  4.37500E-01  2.55000E-02  4.00000E-03  9.91500E-01  
 -1.00000E+00  5.90000E-02  3.58000E-01  4.20000E-01 -5.40000E-02 -7.50000E-02  
  1.35000E-01  1.00000E-01  1.02600E+00 -3.74000E-01  1.62000E-01  4.30000E+00  
 -1.59000E-01  9.96000E-01 -1.80000E-02 -1.00000E+00  5.50000E-02  3.59000E-01  
 -4.60000E-02  2.22000E-01  3.64000E-01  3.83000E+00 -4.26000E+00 -1.27000E+01  
 -2.34000E-01 -4.11000E+00 -1.00000E+00  1.00000E+00  2.69000E+00 -3.80000E+00  
 -7.44000E+00 -2.94000E+00  2.33000E+00  1.01000E+00  1.00000E-03  4.00000E-03  
  4.40000E-02  9.30000E-02  2.70000E-02  3.00000E-02  1.41000E-01  1.93000E-01  
  6.89999E-02  3.98000E-01 -2.64000E-02  1.02400E+00  9.92000E-01  1.00000E+00  
  1.01000E+00  1.70000E-02  7.00000E-03  5.90000E-02  9.80000E-02  5.10000E-02  
  1.05000E-01  1.20000E-02  1.49000E-01  2.40000E-02  4.78000E-01 -2.15000E-02  
  1.04300E+00  1.00000E-01 -1.60000E+00  5.00000E-01  1.00000E+00  1.00000E+00  
 -1.00000E+00  1.00000E+00 -1.00000E+00 -6.70000E-02  9.60000E-01  1.14300E+00  
  1.67000E+01 -1.04600E+01 -3.36000E+01  5.65600E-01  8.08000E-01  1.00000E+00  
 -1.00000E+00  1.00000E+00  4.62200E-01  7.25000E-01  1.00000E+00 -1.00000E+00  
  1.00000E+00  1.00000E+00                                                      
