1UNSYMMETRIC PATTERN OF CURTIS, 1971                                    CURTIS54
            23             4            19             0             0          
PUA                       54            54           291             0          
(16I5)          (16I5)                                                          
    1    4    7   14   23   28   33   49   52   57   60   64   68   73   76   83
   88   91   98  103  110  120  127  132  136  143  149  155  162  168  172  178
  186  191  197  203  210  218  222  227  230  236  240  245  248  253  258  263
  266  269  274  279  284  287  292                                             
    1    2    3    1    2    3    1    2    3    4    5    7   10    3    4    5
    7   34   35   36   45   48    3    4    5    6    7    5    6    7    8    9
    3    4    5    6    7   10   13   14   15   16   17   34   35   36   45   46
    6    8    9    6    8    9   11   12    3    7   10    9   11   12   13    9
   11   12   13   11   12   13   14   15   13   14   15    4    7   13   14   15
   16   17   15   16   17   18   19   15   16   17   16   18   19   20   22   25
   26   16   18   19   20   21   18   19   20   21   22   25   26   19   20   21
   23   24   25   26   27   28   29   18   20   22   23   24   25   26   21   22
   23   24   25   21   22   23   24   18   20   21   22   23   25   26   18   20
   21   22   25   26   21   27   28   29   31   33   21   27   28   29   30   31
   32   21   27   28   29   50   54   28   30   31   32   27   28   30   31   32
   33   28   30   31   32   34   35   37   40   27   31   33   52   54    4    7
   32   34   35   36    4    7   32   34   35   36    4    7   34   35   36   37
   38   32   36   37   38   39   40   41   44   36   37   38   39   37   38   39
   41   42   32   37   40   36   39   41   42   43   44   39   41   42   43   41
   42   43   46   47   36   41   44    4    7   45   46   48    7   43   45   46
   47   43   46   47   48   49    4   45   48   49   50   51   29   49   50   51
   54   49   50   51   52   53   33   51   52   53   54   51   52   53   29   33
   50   52   54                                                                 
